1.0,-0.10531183230644059,-0.002329743882084911,-0.06986853931923036,-0.1071012499995315,-0.1024008241654365,-0.06279294074341221,-0.1912295560863099,-0.024905146217237873,0.12146545450942967,0.11281353841221083,0.10859267982115517,-0.02817707935533777,0.06701996056731903,-0.051549538886050426,-0.004406031354119405,-0.14428345105402074,0.023611665175845654,0.21659414187607995,-0.18534504271768462
-0.10531183230644059,1.0,0.04324188599579828,0.05458831746801127,0.10054811194408167,-0.023650137143243866,-0.01682135444029898,-0.04503502988546409,-0.08087079703447368,0.1277325699463875,0.0198267694666646,0.09006631422732742,0.030870744245264124,0.08324364031384898,-0.12964629242799083,-0.06130297637125727,0.09145550032330514,-0.044525722923470366,-0.016771960884323405,0.10273400580704109
-0.002329743882084911,0.04324188599579828,1.0,0.13186709453147571,0.0754860628819095,-0.18876113800857544,0.007625974036515257,0.0901687347276516,0.015590548072148316,-0.029939768832301157,0.13562341362221444,-0.004208325427490365,-0.0900850333922703,0.10701752974356847,-0.042396303579178216,-0.11561273634100962,0.00226104105708275,-0.08169843645841612,0.003674287261985787,0.0689534431844231
-0.06986853931923036,0.05458831746801127,0.13186709453147571,1.0,0.13055869539301096,0.04557342989910698,0.0250189881556108,0.14603617272932035,-0.009184872530361815,-0.023223250012043468,-0.04668645579337081,-0.09833639672993084,0.03583209197789171,-0.024815645251012503,0.057285443207765484,0.20734659623503865,0.048461808422506976,-0.12103113647738276,0.15114521745843262,0.2264066678459083
-0.1071012499995315,0.10054811194408167,0.0754860628819095,0.13055869539301096,1.0,0.15052850399904516,-0.05165109572119398,0.06845439015152457,-0.16458574523514796,0.05692237382474071,-0.15814646798712423,-0.10589531564302254,0.02037196837513649,0.07890746181259656,0.11160653051739013,-0.12245477243142837,0.005018714096593158,0.1804620394430439,0.09105375310122509,0.13693611575153034
-0.1024008241654365,-0.023650137143243866,-0.18876113800857544,0.04557342989910698,0.15052850399904516,1.0,0.0863558666059959,0.02359089784854516,-0.16956461525058608,-0.15868951372939147,7.487250962077793E-5,-0.0037251273935277607,0.06565028832937211,0.01622672505231628,0.17385764319244673,0.08710244874319531,0.039214233698912505,0.06609614351198251,0.14239800981271297,-0.023900564665378782
-0.06279294074341221,-0.01682135444029898,0.007625974036515257,0.0250189881556108,-0.05165109572119398,0.0863558666059959,1.0,0.08820411127461385,0.13847053302002987,-0.1348571713416108,0.03549436142502626,-0.04127658089787264,0.13497120622164926,0.04815598336235581,0.031174723631262245,-0.06607045012520321,0.1426333280574267,0.15905529251959047,-0.10448503605776559,0.10676557170065992
-0.1912295560863099,-0.04503502988546409,0.0901687347276516,0.14603617272932035,0.06845439015152457,0.02359089784854516,0.08820411127461385,1.0,-0.01256169553015062,0.12752140412267565,-0.08299454766151647,0.1725354674853955,0.11910733538713089,0.18955237088895285,0.0534691960870062,0.039627090470610464,0.1947165618690557,-0.024096150489801307,-0.052876254069464584,0.0570073175839992
-0.024905146217237873,-0.08087079703447368,0.015590548072148316,-0.009184872530361815,-0.16458574523514796,-0.16956461525058608,0.13847053302002987,-0.01256169553015062,1.0,0.008953761930664167,0.028711032611779742,-0.15107424919773924,0.05709975652853964,-0.017089242008971633,0.06883290735378754,0.11566861340762721,0.1013217011410953,0.07659828596852473,0.03312746007478401,-0.003190288475141692
0.12146545450942967,0.1277325699463875,-0.029939768832301157,-0.023223250012043468,0.05692237382474071,-0.15868951372939147,-0.1348571713416108,0.12752140412267565,0.008953761930664167,1.0,0.05783355169838906,-0.08109833552773589,0.014678080773396681,-0.09940839121484965,-0.09056217354097214,-0.12641924687797043,-0.10915522333262738,-0.038095582754298425,0.02692641978502869,-0.021592267929092093
0.11281353841221083,0.0198267694666646,0.13562341362221444,-0.04668645579337081,-0.15814646798712423,7.487250962077793E-5,0.03549436142502626,-0.08299454766151647,0.028711032611779742,0.05783355169838906,1.0,0.09467022899763441,-0.01598713641118217,-0.03971354682829495,-0.08511874879992513,0.060659899283115104,-0.04742916058718887,-0.06657772819152083,0.025248010885653597,-0.05976592588289292
0.10859267982115517,0.09006631422732742,-0.004208325427490365,-0.09833639672993084,-0.10589531564302254,-0.0037251273935277607,-0.04127658089787264,0.1725354674853955,-0.15107424919773924,-0.08109833552773589,0.09467022899763441,1.0,0.018543313512926745,-0.13463438423434587,0.021243130510415403,-0.1539103495345722,-0.018403736343684425,-0.10800552525824612,0.05711146972149157,-0.013965553038667346
-0.02817707935533777,0.030870744245264124,-0.0900850333922703,0.03583209197789171,0.02037196837513649,0.06565028832937211,0.13497120622164926,0.11910733538713089,0.05709975652853964,0.014678080773396681,-0.01598713641118217,0.018543313512926745,1.0,-0.03896045904403538,0.06713093888876823,0.17436750069920065,0.09896281726439426,-0.055166346054096704,-0.07490195573918561,0.16276867724858368
0.06701996056731903,0.08324364031384898,0.10701752974356847,-0.024815645251012503,0.07890746181259656,0.01622672505231628,0.04815598336235581,0.18955237088895285,-0.017089242008971633,-0.09940839121484965,-0.03971354682829495,-0.13463438423434587,-0.03896045904403538,1.0,0.22867164193328218,-0.04929710432253467,0.07448132990720223,-0.061949168075871835,0.07426977361799023,-0.14980533595867446
-0.051549538886050426,-0.12964629242799083,-0.042396303579178216,0.057285443207765484,0.11160653051739013,0.17385764319244673,0.031174723631262245,0.0534691960870062,0.06883290735378754,-0.09056217354097214,-0.08511874879992513,0.021243130510415403,0.06713093888876823,0.22867164193328218,1.0,0.1538564595976746,0.0024095253222820114,0.04822505577582744,0.1108636861147769,-0.13943141808219214
-0.004406031354119405,-0.06130297637125727,-0.11561273634100962,0.20734659623503865,-0.12245477243142837,0.08710244874319531,-0.06607045012520321,0.039627090470610464,0.11566861340762721,-0.12641924687797043,0.060659899283115104,-0.1539103495345722,0.17436750069920065,-0.04929710432253467,0.1538564595976746,1.0,0.10127497727062854,-0.10065708309845874,-0.08881290571027507,-0.2213822876246784
-0.14428345105402074,0.09145550032330514,0.00226104105708275,0.048461808422506976,0.005018714096593158,0.039214233698912505,0.1426333280574267,0.1947165618690557,0.1013217011410953,-0.10915522333262738,-0.04742916058718887,-0.018403736343684425,0.09896281726439426,0.07448132990720223,0.0024095253222820114,0.10127497727062854,1.0,-0.09561567850187179,-0.06486784144238655,-0.0498904464528596
0.023611665175845654,-0.044525722923470366,-0.08169843645841612,-0.12103113647738276,0.1804620394430439,0.06609614351198251,0.15905529251959047,-0.024096150489801307,0.07659828596852473,-0.038095582754298425,-0.06657772819152083,-0.10800552525824612,-0.055166346054096704,-0.061949168075871835,0.04822505577582744,-0.10065708309845874,-0.09561567850187179,1.0,-0.06431084886977903,0.0458712183120813
0.21659414187607995,-0.016771960884323405,0.003674287261985787,0.15114521745843262,0.09105375310122509,0.14239800981271297,-0.10448503605776559,-0.052876254069464584,0.03312746007478401,0.02692641978502869,0.025248010885653597,0.05711146972149157,-0.07490195573918561,0.07426977361799023,0.1108636861147769,-0.08881290571027507,-0.06486784144238655,-0.06431084886977903,1.0,-0.1864758511976113
-0.18534504271768462,0.10273400580704109,0.0689534431844231,0.2264066678459083,0.13693611575153034,-0.023900564665378782,0.10676557170065992,0.0570073175839992,-0.003190288475141692,-0.021592267929092093,-0.05976592588289292,-0.013965553038667346,0.16276867724858368,-0.14980533595867446,-0.13943141808219214,-0.2213822876246784,-0.0498904464528596,0.0458712183120813,-0.1864758511976113,1.0

1.0,-0.1259450661761253,-0.04896541903673852,0.15391208319908528,-0.05872369966045767,-0.14830503573122525,0.24347251179160026,0.07088328677616673,0.2200068233101693,-0.07627465812784312,0.02078032398700076,-0.0011977759226462275,0.078756723285698,0.161814355528979,-0.15157838185498831,-0.0444017923256134,-0.02145302698364435,0.02227801484094753,0.0167072846669839,-0.26799766345713805
-0.1259450661761253,1.0,0.09207222925823405,-0.03720789311876421,-0.24032387308994999,-0.2342608614164638,-0.06473864461677172,-0.08558200166379848,0.08704693722850719,0.07165547029925627,-0.005854026239822891,0.0025574113198208004,-0.11602670915192524,0.0375863794507658,0.009545616251848856,-0.028750939032308357,-0.09535923994427682,0.00521114314768937,-0.028681055534999503,0.005516757929165276
-0.04896541903673852,0.09207222925823405,1.0,-0.04241510777044756,0.05999702113040076,0.08010082968602145,0.04448997312436074,-0.10978866362818011,-0.01451340642284578,-0.11294650437470088,-0.11457264286024674,-0.007956502483914907,-0.13341831217213307,-0.05271703748709818,0.031761173925998754,-0.1518707623126231,-0.16871161547237026,0.11017405697388467,0.17340986115996734,0.028941029427899334
0.15391208319908528,-0.03720789311876421,-0.04241510777044756,1.0,0.08914676851945927,0.08785225674324205,-0.033249539178643775,-0.02702682397621082,0.0868883585422693,-0.02328483406996342,0.0958522829888786,0.13188581626814005,0.03769720307107363,-0.1519829596596806,0.004107487699088582,0.04098813431487673,-0.0605080402459316,0.12125068732327082,0.061169745081519976,-0.09334341167188798
-0.05872369966045767,-0.24032387308994999,0.05999702113040076,0.08914676851945927,1.0,0.05712556202939327,-0.08224587747600592,0.1477712161612743,-0.06205885025976697,-0.02374083836746281,-0.014410809554440374,0.03067595273588638,-0.15252675150199715,0.07025689276806679,0.0012753040168234189,0.13692292703017436,-0.010872370624875637,-0.008434576471290041,0.04749612760877636,0.03398185194474747
-0.14830503573122525,-0.2342608614164638,0.08010082968602145,0.08785225674324205,0.05712556202939327,1.0,-0.07493305359889292,-0.011607858153534937,0.07589210402240795,-0.04815416447281301,-0.03182809253349344,0.08660831165929214,0.019476329514768603,-0.1575244799811563,0.14241152248760772,0.053649125069481385,0.06673536176271372,-0.05203544130593471,0.022319175814003285,-0.22968480310476477
0.24347251179160026,-0.06473864461677172,0.04448997312436074,-0.033249539178643775,-0.08224587747600592,-0.07493305359889292,1.0,-0.05691865740284695,0.0076842433222197035,-0.06273609007666493,-0.006482822832549744,-0.021466391420207183,0.08931589298692981,-0.0016008825476974335,-0.09332720770661386,-0.10670794482549029,-0.060512252064845104,0.12202476867894334,-0.06383529617159692,-0.13614531524871437
0.07088328677616673,-0.08558200166379848,-0.10978866362818011,-0.02702682397621082,0.1477712161612743,-0.011607858153534937,-0.05691865740284695,1.0,-0.08251173726710648,0.0019715757986282496,-0.04041980652699672,0.13482712631569815,0.05929255455409657,0.13420772297137976,-0.043058999326086415,0.053618764140956274,-0.02612030046095304,-0.11674802425488671,-0.047352741806482676,-0.028965816450384926
0.2200068233101693,0.08704693722850719,-0.01451340642284578,0.0868883585422693,-0.06205885025976697,0.07589210402240795,0.0076842433222197035,-0.08251173726710648,1.0,-0.0014823487758792461,0.05356378696905929,-0.00907201879279919,0.03865137982029959,-0.04107236748506213,0.019351262638916778,0.024684964770301288,0.14625419166590164,0.2720854461023123,-0.061599841507558956,-0.2208523725513414
-0.07627465812784312,0.07165547029925627,-0.11294650437470088,-0.02328483406996342,-0.02374083836746281,-0.04815416447281301,-0.06273609007666493,0.0019715757986282496,-0.0014823487758792461,1.0,0.052089705683286434,-0.11813527999114076,-0.08349213604585584,0.006346992497229793,-0.027391797356121027,0.08842158362219471,-0.03337196538101833,-0.10281362129440641,-0.130022985614002,0.12369918243437228
0.02078032398700076,-0.005854026239822891,-0.11457264286024674,0.0958522829888786,-0.014410809554440374,-0.03182809253349344,-0.006482822832549744,-0.04041980652699672,0.05356378696905929,0.052089705683286434,1.0,-0.153259527320982,-0.02355085778019375,-0.08635749981040479,0.019443499645544704,-0.02278424793937177,-0.043810274585783765,-0.19411377126648108,0.06707692872023828,0.012122686031840581
-0.0011977759226462275,0.0025574113198208004,-0.007956502483914907,0.13188581626814005,0.03067595273588638,0.08660831165929214,-0.021466391420207183,0.13482712631569815,-0.00907201879279919,-0.11813527999114076,-0.153259527320982,1.0,0.06144096248373465,-0.005967012687830644,-0.021362982854573883,-0.17436217245614719,0.051513700790491286,0.04131120255774676,0.06783791605429963,-0.04487873920799896
0.078756723285698,-0.11602670915192524,-0.13341831217213307,0.03769720307107363,-0.15252675150199715,0.019476329514768603,0.08931589298692981,0.05929255455409657,0.03865137982029959,-0.08349213604585584,-0.02355085778019375,0.06144096248373465,1.0,-0.058636106111418014,0.099372447117737,-0.05253025130401611,0.12808885463195763,0.14066689898829826,0.1027793725488262,-0.002007195501752939
0.161814355528979,0.0375863794507658,-0.05271703748709818,-0.1519829596596806,0.07025689276806679,-0.1575244799811563,-0.0016008825476974335,0.13420772297137976,-0.04107236748506213,0.006346992497229793,-0.08635749981040479,-0.005967012687830644,-0.058636106111418014,1.0,-0.17821854661480677,0.07616112398466576,-0.22865332664091853,-0.18206833536072353,0.13813647219746242,0.0046397353644318465
-0.15157838185498831,0.009545616251848856,0.031761173925998754,0.004107487699088582,0.0012753040168234189,0.14241152248760772,-0.09332720770661386,-0.043058999326086415,0.019351262638916778,-0.027391797356121027,0.019443499645544704,-0.021362982854573883,0.099372447117737,-0.17821854661480677,1.0,-0.06734768861465634,0.0356557768422305,0.03570768564033202,-0.09062300959236903,0.013357969365723721
-0.0444017923256134,-0.028750939032308357,-0.1518707623126231,0.04098813431487673,0.13692292703017436,0.053649125069481385,-0.10670794482549029,0.053618764140956274,0.024684964770301288,0.08842158362219471,-0.02278424793937177,-0.17436217245614719,-0.05253025130401611,0.07616112398466576,-0.06734768861465634,1.0,-0.07683222379001452,-0.06047556683916337,0.010613929063733298,0.1477678903787679
-0.02145302698364435,-0.09535923994427682,-0.16871161547237026,-0.0605080402459316,-0.010872370624875637,0.06673536176271372,-0.060512252064845104,-0.02612030046095304,0.14625419166590164,-0.03337196538101833,-0.043810274585783765,0.051513700790491286,0.12808885463195763,-0.22865332664091853,0.0356557768422305,-0.07683222379001452,1.0,0.18558542588850468,-0.12768403664366615,-0.14414272610080262
0.02227801484094753,0.00521114314768937,0.11017405697388467,0.12125068732327082,-0.008434576471290041,-0.05203544130593471,0.12202476867894334,-0.11674802425488671,0.2720854461023123,-0.10281362129440641,-0.19411377126648108,0.04131120255774676,0.14066689898829826,-0.18206833536072353,0.03570768564033202,-0.06047556683916337,0.18558542588850468,1.0,-0.0502715068076097,-0.04603302382764271
0.0167072846669839,-0.028681055534999503,0.17340986115996734,0.061169745081519976,0.04749612760877636,0.022319175814003285,-0.06383529617159692,-0.047352741806482676,-0.061599841507558956,-0.130022985614002,0.06707692872023828,0.06783791605429963,0.1027793725488262,0.13813647219746242,-0.09062300959236903,0.010613929063733298,-0.12768403664366615,-0.0502715068076097,1.0,-0.12729489008349407
-0.26799766345713805,0.005516757929165276,0.028941029427899334,-0.09334341167188798,0.03398185194474747,-0.22968480310476477,-0.13614531524871437,-0.028965816450384926,-0.2208523725513414,0.12369918243437228,0.012122686031840581,-0.04487873920799896,-0.002007195501752939,0.0046397353644318465,0.013357969365723721,0.1477678903787679,-0.14414272610080262,-0.04603302382764271,-0.12729489008349407,1.0

1.0,0.0740071199727352,0.04998875999094214,-0.020185105723201712,-0.1259663239197606,0.06943193781911414,-0.08546701726459534,-0.03467716006960679,-0.07430094116168524,0.13166073178234297,0.021947696449535467,-0.0450108517729129,0.12039360669309669,0.08528040285407866,-0.010965197701906335,-0.04649529444733822,0.037346570657908224,-0.04979260876925951,0.007097073169241972,0.14257848776895785
0.0740071199727352,1.0,-0.14429858412698196,-0.15737100399150564,0.056505007422176026,-0.03791282469261779,-0.10435041488098894,0.010434102349154054,0.0643677945839845,0.022091829128338313,0.07935492964659106,0.024740974482538272,-0.22985599832484094,-0.021093437113668616,-0.11017866377404108,-0.058508667853519346,-0.07357755726234817,-0.2661495340572052,0.10138507027770179,-0.038902975971128365
0.04998875999094214,-0.14429858412698196,1.0,-0.006258675029296196,0.022677300597348935,0.12995108622390833,0.044175987999077154,0.09930429702456439,0.04962442104608433,-0.03988014647127797,-0.008711824130911745,-0.14634092260813145,0.042710972216963274,0.005314862449817375,-0.014608149602246769,-0.060639847194977683,-0.026432974139307862,0.08761503120601134,-0.13306080830916572,-0.025385344708003625
-0.020185105723201712,-0.15737100399150564,-0.006258675029296196,1.0,0.0027820301159466967,-0.03866892405602293,0.1308578086882835,-0.057875796852271726,0.126536996400429,0.011168565084458392,-0.086998295511707,0.02162340550413797,0.017181717538820994,-0.02147804810002393,-0.21627634482356847,-0.15679227973186602,-0.09692142073436424,0.06498125391612991,-0.13946414577207633,-0.03985498316007531
-0.1259663239197606,0.056505007422176026,0.022677300597348935,0.0027820301159466967,1.0,0.005218534144472571,-0.0739826262759808,0.028453468449515185,0.012866433981366577,-0.13888254189831004,-0.05327351905570525,0.012293892198856534,0.04176818117694618,0.019858666058213226,-0.015092538385260108,0.04610764168529302,0.09749704518198181,-0.04308638772552026,0.04086164130175872,0.049869636331887755
0.06943193781911414,-0.03791282469261779,0.12995108622390833,-0.03866892405602293,0.005218534144472571,1.0,0.07583400011505294,-0.07745735905428178,-0.07640805075061487,-0.16385645186691253,0.16041811978924528,0.06779600142646842,0.026695738182995823,-0.17089888094719619,0.0014382716185265718,0.052922348508464105,-0.015208672064195416,-0.1800740460452744,0.042580886014192174,0.16282703460153522
-0.08546701726459534,-0.10435041488098894,0.044175987999077154,0.1308578086882835,-0.0739826262759808,0.07583400011505294,1.0,-0.02467480276019767,-0.11337211146302388,0.010825798842797588,0.1840137319804747,-0.002220416372329216,0.23685823397668337,0.06343648738202072,-0.1382151527513605,-0.08255687282844638,0.24516799970751987,-0.052223002612245877,-0.15912451480260853,-0.02634775552401188
-0.03467716006960679,0.010434102349154054,0.09930429702456439,-0.057875796852271726,0.028453468449515185,-0.07745735905428178,-0.02467480276019767,1.0,0.1813334424427369,0.12292664976731728,-0.040614979050116455,-0.012392544756858883,-0.11491139147501843,-0.11757367152884951,-0.17640505896419872,-0.11189283694063323,-0.08971276510249737,0.09112197578357159,-0.1346663596760196,-0.05497594183680004
-0.07430094116168524,0.0643677945839845,0.04962442104608433,0.126536996400429,0.012866433981366577,-0.07640805075061487,-0.11337211146302388,0.1813334424427369,1.0,-0.01137692851092382,-0.2841809175548189,-0.07532463807591643,-0.15784554492883987,-0.03674570429760511,-0.18555865486384474,0.019957549528482693,-0.189413753047546,-0.021069600665861582,0.07967900428575557,0.08770883900894477
0.13166073178234297,0.022091829128338313,-0.03988014647127797,0.011168565084458392,-0.13888254189831004,-0.16385645186691253,0.010825798842797588,0.12292664976731728,-0.01137692851092382,1.0,-0.13938430715648967,0.09030667488180234,0.02104320733633028,-0.10231779087684154,0.005212192168186854,-0.006728368978878387,-0.03242662498033746,-0.045477282440759485,-0.10302381760537957,0.09738839280213887
0.021947696449535467,0.07935492964659106,-0.008711824130911745,-0.086998295511707,-0.05327351905570525,0.16041811978924528,0.1840137319804747,-0.040614979050116455,-0.2841809175548189,-0.13938430715648967,1.0,-0.16229995782159673,-0.052018952562420034,0.12657404243214174,0.032009078785605834,-0.09296333662808054,0.08156987650876625,-0.15291599542371417,-0.05355120635043623,-0.08398510392318194
-0.0450108517729129,0.024740974482538272,-0.14634092260813145,0.02162340550413797,0.012293892198856534,0.06779600142646842,-0.002220416372329216,-0.012392544756858883,-0.07532463807591643,0.09030667488180234,-0.16229995782159673,1.0,0.11954681095444729,-0.18866936698901926,-0.08679607747033134,0.1892364108417155,0.11532171091566934,-0.023180011178416022,-0.19127274950785747,-0.036530387035535176
0.12039360669309669,-0.22985599832484094,0.042710972216963274,0.017181717538820994,0.04176818117694618,0.026695738182995823,0.23685823397668337,-0.11491139147501843,-0.15784554492883987,0.02104320733633028,-0.052018952562420034,0.11954681095444729,1.0,-0.05540830170927606,0.03378614483650054,0.08328925039457435,-0.09433997735749414,0.0560171704150281,-0.047751989599816407,0.07298709785620196
0.08528040285407866,-0.021093437113668616,0.005314862449817375,-0.02147804810002393,0.019858666058213226,-0.17089888094719619,0.06343648738202072,-0.11757367152884951,-0.03674570429760511,-0.10231779087684154,0.12657404243214174,-0.18866936698901926,-0.05540830170927606,1.0,-0.0024605040397938757,0.10322904519783567,-0.021755133415576895,0.025388611597662557,0.04414056788454887,-0.07665674414726532
-0.010965197701906335,-0.11017866377404108,-0.014608149602246769,-0.21627634482356847,-0.015092538385260108,0.0014382716185265718,-0.1382151527513605,-0.17640505896419872,-0.18555865486384474,0.005212192168186854,0.032009078785605834,-0.08679607747033134,0.03378614483650054,-0.0024605040397938757,1.0,0.18710720145349297,0.04855872566137365,-0.2062633453675998,0.008269847909443403,0.08060759345137913
-0.04649529444733822,-0.058508667853519346,-0.060639847194977683,-0.15679227973186602,0.04610764168529302,0.052922348508464105,-0.08255687282844638,-0.11189283694063323,0.019957549528482693,-0.006728368978878387,-0.09296333662808054,0.1892364108417155,0.08328925039457435,0.10322904519783567,0.18710720145349297,1.0,-0.07599031490456568,-0.052527806413948594,-0.07489899338202907,0.13360146915322849
0.037346570657908224,-0.07357755726234817,-0.026432974139307862,-0.09692142073436424,0.09749704518198181,-0.015208672064195416,0.24516799970751987,-0.08971276510249737,-0.189413753047546,-0.03242662498033746,0.08156987650876625,0.11532171091566934,-0.09433997735749414,-0.021755133415576895,0.04855872566137365,-0.07599031490456568,1.0,-0.010316177075462856,-0.1199825999258477,0.0426103021462902
-0.04979260876925951,-0.2661495340572052,0.08761503120601134,0.06498125391612991,-0.04308638772552026,-0.1800740460452744,-0.052223002612245877,0.09112197578357159,-0.021069600665861582,-0.045477282440759485,-0.15291599542371417,-0.023180011178416022,0.0560171704150281,0.025388611597662557,-0.2062633453675998,-0.052527806413948594,-0.010316177075462856,1.0,-0.2543627822921738,-0.165738667221675
0.007097073169241972,0.10138507027770179,-0.13306080830916572,-0.13946414577207633,0.04086164130175872,0.042580886014192174,-0.15912451480260853,-0.1346663596760196,0.07967900428575557,-0.10302381760537957,-0.05355120635043623,-0.19127274950785747,-0.047751989599816407,0.04414056788454887,0.008269847909443403,-0.07489899338202907,-0.1199825999258477,-0.2543627822921738,1.0,0.16157953610786344
0.14257848776895785,-0.038902975971128365,-0.025385344708003625,-0.03985498316007531,0.049869636331887755,0.16282703460153522,-0.02634775552401188,-0.05497594183680004,0.08770883900894477,0.09738839280213887,-0.08398510392318194,-0.036530387035535176,0.07298709785620196,-0.07665674414726532,0.08060759345137913,0.13360146915322849,0.0426103021462902,-0.165738667221675,0.16157953610786344,1.0

1.0,-0.010746527700197699,-0.008069513568344584,-0.04613029485561184,0.009936566946691646,0.034787107999316454,-0.05306352382414008,0.057221622905638474,-0.19855366342549113,0.11010766705344814,0.008111699317336471,-0.06822953983312811,-0.09528357510708924,-0.09586126235516448,-0.11950966977242178,0.01509011334891192,-0.07620543079972675,0.06881121997226121,-0.09226907383272097,-0.12231826668158169
-0.010746527700197699,1.0,-0.07226780863192805,0.00535489469316152,-0.02620884794213408,-0.018416834764150618,0.09317155752230255,-0.07304504572369691,-0.17157222348769163,-0.008391700252130097,0.1242784771614549,-0.0881183366446767,0.04918910809491846,0.12334013964937021,-0.021739924831217963,-0.09911214534652493,0.015571240563899398,-0.06651067513031776,-0.05285233055763936,0.06261081727396871
-0.008069513568344584,-0.07226780863192805,1.0,0.10491191729099292,0.20797669019232531,-0.19991602166979602,0.05286210839946182,0.039334006251146095,-0.17182491278729825,0.12402853853617103,-0.0329334281295812,-0.03167901236459925,-0.07455220990081902,0.02385616618004888,-0.18023523573660508,0.0689860471715017,0.055834821777729755,-0.0313951641063653,0.015471315817740142,-0.19301415894514082
-0.04613029485561184,0.00535489469316152,0.10491191729099292,1.0,0.02959557660050904,-0.07009899637859013,-0.05859165135872095,0.13422683935994023,-0.06417933536161524,0.30589423965327484,0.20632218704884828,-0.0261485414950289,0.11080547627716017,-0.10596695612213447,0.21598127678353876,0.04004318363968508,0.12383729406643616,0.1261341252205946,0.0929082915858718,-0.06608192345582448
0.009936566946691646,-0.02620884794213408,0.20797669019232531,0.02959557660050904,1.0,-0.02887003296941989,0.0769897462264256,-0.10942174538819464,-0.0059644619173338355,0.06136546060818956,0.07259027642059075,0.01103194189745187,-0.054807383414791626,0.00981455919145622,-0.04338004374363466,-0.050008138564620476,0.06243639747051427,-0.02451488262594622,-0.02881040133313536,-0.09083905137439643
0.034787107999316454,-0.018416834764150618,-0.19991602166979602,-0.07009899637859013,-0.02887003296941989,1.0,-0.18852272680904084,-0.07987139930806798,0.009588722623393118,-0.04777159685800929,-0.0487144551082794,-0.0804724666739749,-0.09620732623107367,-0.019585377391574385,0.3631518681320121,0.05506317812214857,0.09822571776604051,-0.030024251227675193,-0.1381167135491215,0.1594723410394731
-0.05306352382414008,0.09317155752230255,0.05286210839946182,-0.05859165135872095,0.0769897462264256,-0.18852272680904084,1.0,-0.11468299770242546,-0.27287379747962404,0.022932035467165986,0.16221258946042097,0.015755976932127307,-0.045963207156771345,0.217201666561039,-0.12782485607510535,0.07524990741685239,-0.0359398043275923,-0.06030314632480619,-0.0551850774394659,-0.010429146769171562
0.057221622905638474,-0.07304504572369691,0.039334006251146095,0.13422683935994023,-0.10942174538819464,-0.07987139930806798,-0.11468299770242546,1.0,0.09337949787678505,0.1225073301937855,0.14876141200091375,0.1778287550557148,-0.007639077563229968,0.017449632337308982,-0.08263225999589528,-0.0464045992652879,0.08988322418308067,-0.025137656838422482,0.015472220088447005,-0.029031784814400104
-0.19855366342549113,-0.17157222348769163,-0.17182491278729825,-0.06417933536161524,-0.0059644619173338355,0.009588722623393118,-0.27287379747962404,0.09337949787678505,1.0,-0.20011151542765399,-0.1308604244241667,0.07083109658707835,0.009350236004086248,-0.12714689580485122,0.0010536367759846007,-0.13464045121477894,-0.011666493859785297,-0.07164333361731974,0.06834186292306764,0.13403424507369346
0.11010766705344814,-0.008391700252130097,0.12402853853617103,0.30589423965327484,0.06136546060818956,-0.04777159685800929,0.022932035467165986,0.1225073301937855,-0.20011151542765399,1.0,0.11943863327616831,-0.0987458369706073,0.014307942984100121,-0.05098461111934289,0.15373076164791938,0.040438678611917016,0.014421583056788154,0.06663715816740604,0.11945027013561044,0.09318188782332126
0.008111699317336471,0.1242784771614549,-0.0329334281295812,0.20632218704884828,0.07259027642059075,-0.0487144551082794,0.16221258946042097,0.14876141200091375,-0.1308604244241667,0.11943863327616831,1.0,0.06804969137090369,-0.0887626029364885,-0.013305964945774656,0.1461755736510029,-0.07663365777813459,0.1102017008888165,0.06383074963061548,-0.11836650842906166,0.03869106736850153
-0.06822953983312811,-0.0881183366446767,-0.03167901236459925,-0.0261485414950289,0.01103194189745187,-0.0804724666739749,0.015755976932127307,0.1778287550557148,0.07083109658707835,-0.0987458369706073,0.06804969137090369,1.0,-0.13493254446651481,0.13772807063980866,0.04432590925791368,-0.15509584263177012,-0.0021962418329614266,0.11454302346507661,0.09937757576059042,-0.022389336675487335
-0.09528357510708924,0.04918910809491846,-0.07455220990081902,0.11080547627716017,-0.054807383414791626,-0.09620732623107367,-0.045963207156771345,-0.007639077563229968,0.009350236004086248,0.014307942984100121,-0.0887626029364885,-0.13493254446651481,1.0,0.08783743896072747,-0.01790312316449267,0.012825634830546988,0.1009752190048729,-0.1541677587467049,0.07943428584285246,-0.1748834642170072
-0.09586126235516448,0.12334013964937021,0.02385616618004888,-0.10596695612213447,0.00981455919145622,-0.019585377391574385,0.217201666561039,0.017449632337308982,-0.12714689580485122,-0.05098461111934289,-0.013305964945774656,0.13772807063980866,0.08783743896072747,1.0,-0.045790513288586146,-0.0129038928551969,-0.11046685178829432,-0.0371662032938095,-0.14946909624022983,3.491772188591505E-4
-0.11950966977242178,-0.021739924831217963,-0.18023523573660508,0.21598127678353876,-0.04338004374363466,0.3631518681320121,-0.12782485607510535,-0.08263225999589528,0.0010536367759846007,0.15373076164791938,0.1461755736510029,0.04432590925791368,-0.01790312316449267,-0.045790513288586146,1.0,0.03155606023762628,0.12423138057127102,0.20298088013816695,0.01673659436889127,0.039374112237332566
0.01509011334891192,-0.09911214534652493,0.0689860471715017,0.04004318363968508,-0.050008138564620476,0.05506317812214857,0.07524990741685239,-0.0464045992652879,-0.13464045121477894,0.040438678611917016,-0.07663365777813459,-0.15509584263177012,0.012825634830546988,-0.0129038928551969,0.03155606023762628,1.0,-0.06613321415953391,0.19119939470150793,0.16036855864635255,-0.10514510291481698
-0.07620543079972675,0.015571240563899398,0.055834821777729755,0.12383729406643616,0.06243639747051427,0.09822571776604051,-0.0359398043275923,0.08988322418308067,-0.011666493859785297,0.014421583056788154,0.1102017008888165,-0.0021962418329614266,0.1009752190048729,-0.11046685178829432,0.12423138057127102,-0.06613321415953391,1.0,-0.09762127576163644,-0.040907927948896916,0.027560598828276668
0.06881121997226121,-0.06651067513031776,-0.0313951641063653,0.1261341252205946,-0.02451488262594622,-0.030024251227675193,-0.06030314632480619,-0.025137656838422482,-0.07164333361731974,0.06663715816740604,0.06383074963061548,0.11454302346507661,-0.1541677587467049,-0.0371662032938095,0.20298088013816695,0.19119939470150793,-0.09762127576163644,1.0,-0.00981143250352574,-0.017231193447715884
-0.09226907383272097,-0.05285233055763936,0.015471315817740142,0.0929082915858718,-0.02881040133313536,-0.1381167135491215,-0.0551850774394659,0.015472220088447005,0.06834186292306764,0.11945027013561044,-0.11836650842906166,0.09937757576059042,0.07943428584285246,-0.14946909624022983,0.01673659436889127,0.16036855864635255,-0.040907927948896916,-0.00981143250352574,1.0,-0.013799190501799653
-0.12231826668158169,0.06261081727396871,-0.19301415894514082,-0.06608192345582448,-0.09083905137439643,0.1594723410394731,-0.010429146769171562,-0.029031784814400104,0.13403424507369346,0.09318188782332126,0.03869106736850153,-0.022389336675487335,-0.1748834642170072,3.491772188591505E-4,0.039374112237332566,-0.10514510291481698,0.027560598828276668,-0.017231193447715884,-0.013799190501799653,1.0

1.0,-0.025043383806181117,-0.02937677306110614,0.10939646286745101,0.1591068375040445,-0.018277528022000084,-0.06366290552217492,0.006361215240292716,-0.0023611553981896594,0.002345473930771129,0.02836884127173725,0.037902134519256385,0.11970012349869891,-0.043887638643705686,-0.02485647755059084,-0.1300218198381684,0.035339267677161404,-0.08620542562537233,0.06459504999245111,-0.06895350005669618
-0.025043383806181117,1.0,-0.08036582367252618,0.02681034400562319,-0.16065468972215988,0.04787150153950444,-0.03837016197626115,-0.00504131775649178,-0.04857367078127425,-0.042058553323629656,-0.09539330255533228,-0.284857631127497,0.1751793997111679,0.004764053952475051,0.08658444611019585,-0.34400997382619114,0.09752939824304639,-0.07984487013003037,0.05117261353750075,0.12085272057454817
-0.02937677306110614,-0.08036582367252618,1.0,-0.07782851882751511,0.06824704459864515,0.11212485586754761,0.10002497305495033,-0.2171256431549714,0.05348116499280775,0.0057747084847246544,0.03246101526426223,0.03517828221702379,-0.19040027121689868,-0.15190541015257902,-0.12033958818448527,0.04527976030210638,0.04273959416248512,0.11694181483569828,0.029609437200303523,-0.05838859567105656
0.10939646286745101,0.02681034400562319,-0.07782851882751511,1.0,0.026939581585685195,-0.0286421874412623,0.1517827499768679,0.051132253235624404,0.05025682733884732,-0.2706776859212778,-0.13668398848598123,0.07948410863143592,0.31075694996164,-0.07104267247564751,-0.018671348258540166,0.02404524186348791,0.023437084016786777,-0.0022033717789100983,0.14937222676361467,-0.21387938243614438
0.1591068375040445,-0.16065468972215988,0.06824704459864515,0.026939581585685195,1.0,0.057961148235158765,-0.09517857501048313,0.008670041695686748,0.019056575409468778,0.0368675137253271,-0.005057768355905347,-0.04041675397947107,0.06689172203356619,0.052704719768072276,-0.07892632548053237,-0.11126950315539971,0.035516247015304585,-0.00439258269811088,0.059675854120710276,0.10685903001707289
-0.018277528022000084,0.04787150153950444,0.11212485586754761,-0.0286421874412623,0.057961148235158765,1.0,-0.06181163846490699,0.04011350256737208,-0.08283964687329397,0.004130608165455648,0.10979007392387374,0.006300457024725311,-0.12005307499650182,-0.034298232614570386,0.09389131832316969,-0.14852291641890508,-0.127783363055533,0.04638016369277368,0.021581747587562962,0.20002066168125274
-0.06366290552217492,-0.03837016197626115,0.10002497305495033,0.1517827499768679,-0.09517857501048313,-0.06181163846490699,1.0,0.09443954829035434,0.059094994772690784,-0.004511090672755916,-0.13761365172326118,-0.017574899067002464,-0.026923093926244025,-0.0933272551965552,-0.03390744186993798,-0.0957648706800553,0.01861720188237175,0.025387741665016308,0.08096177336295814,-0.13850931577936887
0.006361215240292716,-0.00504131775649178,-0.2171256431549714,0.051132253235624404,0.008670041695686748,0.04011350256737208,0.09443954829035434,1.0,0.016759825841464893,-0.13000235832044083,0.18301551090909146,0.0719669474706557,0.16277032111868497,0.11174571991139645,-0.024881553404523676,-0.30411475737054683,-0.0864001914095929,0.22412488874349887,0.18445736513238098,0.07861315156400656
-0.0023611553981896594,-0.04857367078127425,0.05348116499280775,0.05025682733884732,0.019056575409468778,-0.08283964687329397,0.059094994772690784,0.016759825841464893,1.0,-0.10982008811795001,-9.91074081771943E-4,0.08566567896842256,-0.04887979599340491,0.21523495377155183,0.09802137840584906,0.10107770558112159,0.09036334024454225,0.10568979099435086,0.05610416519157098,0.018535503840433707
0.002345473930771129,-0.042058553323629656,0.0057747084847246544,-0.2706776859212778,0.0368675137253271,0.004130608165455648,-0.004511090672755916,-0.13000235832044083,-0.10982008811795001,1.0,0.13065318672335047,-0.21598805119132003,-0.17520134574569404,-0.13595242420608147,-0.01955722014033192,-0.06546546391592764,0.1362372925963005,-0.12150875834179663,-0.17175656797716313,0.13753533466573722
0.02836884127173725,-0.09539330255533228,0.03246101526426223,-0.13668398848598123,-0.005057768355905347,0.10979007392387374,-0.13761365172326118,0.18301551090909146,-9.91074081771943E-4,0.13065318672335047,1.0,-0.08731842085269079,-0.13406400582392253,-0.08944751485725282,0.031797119800315445,-0.06665102336738049,0.10551117223488041,0.09073893386196709,0.1311622870542754,0.14449875431472142
0.037902134519256385,-0.284857631127497,0.03517828221702379,0.07948410863143592,-0.04041675397947107,0.006300457024725311,-0.017574899067002464,0.0719669474706557,0.08566567896842256,-0.21598805119132003,-0.08731842085269079,1.0,0.12264137559560498,0.2078676327821532,0.0906666795122758,0.08953979276140112,-0.20571574075247562,0.09073068730535323,-0.06504304330555935,-0.09110197374744307
0.11970012349869891,0.1751793997111679,-0.19040027121689868,0.31075694996164,0.06689172203356619,-0.12005307499650182,-0.026923093926244025,0.16277032111868497,-0.04887979599340491,-0.17520134574569404,-0.13406400582392253,0.12264137559560498,1.0,0.09335262961522219,0.016106057577466932,-0.06789235788209923,0.04619615418741423,-0.028851994392424588,-0.03493154800945868,-0.011148112122319
-0.043887638643705686,0.004764053952475051,-0.15190541015257902,-0.07104267247564751,0.052704719768072276,-0.034298232614570386,-0.0933272551965552,0.11174571991139645,0.21523495377155183,-0.13595242420608147,-0.08944751485725282,0.2078676327821532,0.09335262961522219,1.0,0.18273952264789015,0.1583715646668005,0.01808533352310322,0.14324217258107286,-0.043409449038657254,-0.15822202326697443
-0.02485647755059084,0.08658444611019585,-0.12033958818448527,-0.018671348258540166,-0.07892632548053237,0.09389131832316969,-0.03390744186993798,-0.024881553404523676,0.09802137840584906,-0.01955722014033192,0.031797119800315445,0.0906666795122758,0.016106057577466932,0.18273952264789015,1.0,-0.07282221944221416,-0.06365887386366602,-0.23181995706653313,-0.07387579327071622,-0.016174401370742483
-0.1300218198381684,-0.34400997382619114,0.04527976030210638,0.02404524186348791,-0.11126950315539971,-0.14852291641890508,-0.0957648706800553,-0.30411475737054683,0.10107770558112159,-0.06546546391592764,-0.06665102336738049,0.08953979276140112,-0.06789235788209923,0.1583715646668005,-0.07282221944221416,1.0,-0.016065247817577986,-0.12339612055399286,-0.010774796109898158,-0.18630461042886803
0.035339267677161404,0.09752939824304639,0.04273959416248512,0.023437084016786777,0.035516247015304585,-0.127783363055533,0.01861720188237175,-0.0864001914095929,0.09036334024454225,0.1362372925963005,0.10551117223488041,-0.20571574075247562,0.04619615418741423,0.01808533352310322,-0.06365887386366602,-0.016065247817577986,1.0,-0.08842652010538864,-0.004031709039601819,-0.014915636464109547
-0.08620542562537233,-0.07984487013003037,0.11694181483569828,-0.0022033717789100983,-0.00439258269811088,0.04638016369277368,0.025387741665016308,0.22412488874349887,0.10568979099435086,-0.12150875834179663,0.09073893386196709,0.09073068730535323,-0.028851994392424588,0.14324217258107286,-0.23181995706653313,-0.12339612055399286,-0.08842652010538864,1.0,0.13090236240239234,-0.13851666948776947
0.06459504999245111,0.05117261353750075,0.029609437200303523,0.14937222676361467,0.059675854120710276,0.021581747587562962,0.08096177336295814,0.18445736513238098,0.05610416519157098,-0.17175656797716313,0.1311622870542754,-0.06504304330555935,-0.03493154800945868,-0.043409449038657254,-0.07387579327071622,-0.010774796109898158,-0.004031709039601819,0.13090236240239234,1.0,-0.16099853861676677
-0.06895350005669618,0.12085272057454817,-0.05838859567105656,-0.21387938243614438,0.10685903001707289,0.20002066168125274,-0.13850931577936887,0.07861315156400656,0.018535503840433707,0.13753533466573722,0.14449875431472142,-0.09110197374744307,-0.011148112122319,-0.15822202326697443,-0.016174401370742483,-0.18630461042886803,-0.014915636464109547,-0.13851666948776947,-0.16099853861676677,1.0

