1.0,NaN,NaN,NaN,NaN,NaN,NaN,NaN,NaN,NaN,NaN,NaN,NaN,NaN,NaN,NaN,NaN,NaN,NaN,NaN,NaN,NaN,NaN,NaN,NaN,NaN,NaN,NaN,NaN,NaN,NaN,NaN,NaN,NaN,NaN,NaN,NaN,NaN
NaN,1.0,NaN,NaN,NaN,NaN,NaN,NaN,NaN,NaN,NaN,NaN,NaN,NaN,NaN,NaN,NaN,NaN,NaN,NaN,NaN,NaN,NaN,NaN,NaN,NaN,NaN,NaN,NaN,NaN,NaN,NaN,NaN,NaN,NaN,NaN,NaN,NaN
NaN,NaN,1.0,NaN,NaN,NaN,NaN,NaN,NaN,NaN,NaN,NaN,NaN,NaN,NaN,NaN,NaN,NaN,NaN,NaN,NaN,NaN,NaN,NaN,NaN,NaN,NaN,NaN,NaN,NaN,NaN,NaN,NaN,NaN,NaN,NaN,NaN,NaN
NaN,NaN,NaN,1.0,NaN,NaN,NaN,NaN,NaN,NaN,NaN,NaN,NaN,NaN,NaN,NaN,NaN,NaN,NaN,NaN,NaN,NaN,NaN,NaN,NaN,NaN,NaN,NaN,NaN,NaN,NaN,NaN,NaN,NaN,NaN,NaN,NaN,NaN
NaN,NaN,NaN,NaN,1.0,NaN,NaN,NaN,NaN,NaN,NaN,NaN,NaN,NaN,NaN,NaN,NaN,NaN,NaN,NaN,NaN,NaN,NaN,NaN,NaN,NaN,NaN,NaN,NaN,NaN,NaN,NaN,NaN,NaN,NaN,NaN,NaN,NaN
NaN,NaN,NaN,NaN,NaN,1.0,NaN,NaN,NaN,NaN,NaN,NaN,NaN,NaN,NaN,NaN,NaN,NaN,NaN,NaN,NaN,NaN,NaN,NaN,NaN,NaN,NaN,NaN,NaN,NaN,NaN,NaN,NaN,NaN,NaN,NaN,NaN,NaN
NaN,NaN,NaN,NaN,NaN,NaN,1.0,NaN,NaN,NaN,NaN,NaN,NaN,NaN,NaN,NaN,NaN,NaN,NaN,NaN,NaN,NaN,NaN,NaN,NaN,NaN,NaN,NaN,NaN,NaN,NaN,NaN,NaN,NaN,NaN,NaN,NaN,NaN
NaN,NaN,NaN,NaN,NaN,NaN,NaN,1.0,NaN,NaN,NaN,NaN,NaN,NaN,NaN,NaN,NaN,NaN,NaN,NaN,NaN,NaN,NaN,NaN,NaN,NaN,NaN,NaN,NaN,NaN,NaN,NaN,NaN,NaN,NaN,NaN,NaN,NaN
NaN,NaN,NaN,NaN,NaN,NaN,NaN,NaN,1.0,NaN,NaN,NaN,NaN,NaN,NaN,NaN,NaN,NaN,NaN,NaN,NaN,NaN,NaN,NaN,NaN,NaN,NaN,NaN,NaN,NaN,NaN,NaN,NaN,NaN,NaN,NaN,NaN,NaN
NaN,NaN,NaN,NaN,NaN,NaN,NaN,NaN,NaN,1.0,NaN,NaN,NaN,NaN,NaN,NaN,NaN,NaN,NaN,NaN,NaN,NaN,NaN,NaN,NaN,NaN,NaN,NaN,NaN,NaN,NaN,NaN,NaN,NaN,NaN,NaN,NaN,NaN
NaN,NaN,NaN,NaN,NaN,NaN,NaN,NaN,NaN,NaN,1.0,NaN,NaN,NaN,NaN,NaN,NaN,NaN,NaN,NaN,NaN,NaN,NaN,NaN,NaN,NaN,NaN,NaN,NaN,NaN,NaN,NaN,NaN,NaN,NaN,NaN,NaN,NaN
NaN,NaN,NaN,NaN,NaN,NaN,NaN,NaN,NaN,NaN,NaN,1.0,NaN,NaN,NaN,NaN,NaN,NaN,NaN,NaN,NaN,NaN,NaN,NaN,NaN,NaN,NaN,NaN,NaN,NaN,NaN,NaN,NaN,NaN,NaN,NaN,NaN,NaN
NaN,NaN,NaN,NaN,NaN,NaN,NaN,NaN,NaN,NaN,NaN,NaN,1.0,NaN,NaN,NaN,NaN,NaN,NaN,NaN,NaN,NaN,NaN,NaN,NaN,NaN,NaN,NaN,NaN,NaN,NaN,NaN,NaN,NaN,NaN,NaN,NaN,NaN
NaN,NaN,NaN,NaN,NaN,NaN,NaN,NaN,NaN,NaN,NaN,NaN,NaN,1.0,NaN,NaN,NaN,NaN,NaN,NaN,NaN,NaN,NaN,NaN,NaN,NaN,NaN,NaN,NaN,NaN,NaN,NaN,NaN,NaN,NaN,NaN,NaN,NaN
NaN,NaN,NaN,NaN,NaN,NaN,NaN,NaN,NaN,NaN,NaN,NaN,NaN,NaN,1.0,NaN,NaN,NaN,NaN,NaN,NaN,NaN,NaN,NaN,NaN,NaN,NaN,NaN,NaN,NaN,NaN,NaN,NaN,NaN,NaN,NaN,NaN,NaN
NaN,NaN,NaN,NaN,NaN,NaN,NaN,NaN,NaN,NaN,NaN,NaN,NaN,NaN,NaN,1.0,NaN,NaN,NaN,NaN,NaN,NaN,NaN,NaN,NaN,NaN,NaN,NaN,NaN,NaN,NaN,NaN,NaN,NaN,NaN,NaN,NaN,NaN
NaN,NaN,NaN,NaN,NaN,NaN,NaN,NaN,NaN,NaN,NaN,NaN,NaN,NaN,NaN,NaN,1.0,NaN,NaN,NaN,NaN,NaN,NaN,NaN,NaN,NaN,NaN,NaN,NaN,NaN,NaN,NaN,NaN,NaN,NaN,NaN,NaN,NaN
NaN,NaN,NaN,NaN,NaN,NaN,NaN,NaN,NaN,NaN,NaN,NaN,NaN,NaN,NaN,NaN,NaN,1.0,NaN,NaN,NaN,NaN,NaN,NaN,NaN,NaN,NaN,NaN,NaN,NaN,NaN,NaN,NaN,NaN,NaN,NaN,NaN,NaN
NaN,NaN,NaN,NaN,NaN,NaN,NaN,NaN,NaN,NaN,NaN,NaN,NaN,NaN,NaN,NaN,NaN,NaN,1.0,NaN,NaN,NaN,NaN,NaN,NaN,NaN,NaN,NaN,NaN,NaN,NaN,NaN,NaN,NaN,NaN,NaN,NaN,NaN
NaN,NaN,NaN,NaN,NaN,NaN,NaN,NaN,NaN,NaN,NaN,NaN,NaN,NaN,NaN,NaN,NaN,NaN,NaN,1.0,0.30224651470260844,NaN,NaN,NaN,NaN,NaN,NaN,0.040278200171609095,-0.03358925161093106,NaN,NaN,NaN,NaN,-0.02004615931080782,NaN,NaN,NaN,NaN
NaN,NaN,NaN,NaN,NaN,NaN,NaN,NaN,NaN,NaN,NaN,NaN,NaN,NaN,NaN,NaN,NaN,NaN,NaN,0.30224651470260844,1.0,NaN,NaN,NaN,NaN,NaN,NaN,0.8491899784430034,0.14329797732345165,NaN,NaN,NaN,NaN,-0.3131719263846833,NaN,NaN,NaN,NaN
NaN,NaN,NaN,NaN,NaN,NaN,NaN,NaN,NaN,NaN,NaN,NaN,NaN,NaN,NaN,NaN,NaN,NaN,NaN,NaN,NaN,1.0,NaN,NaN,NaN,NaN,NaN,NaN,NaN,NaN,NaN,NaN,NaN,NaN,NaN,NaN,NaN,NaN
NaN,NaN,NaN,NaN,NaN,NaN,NaN,NaN,NaN,NaN,NaN,NaN,NaN,NaN,NaN,NaN,NaN,NaN,NaN,NaN,NaN,NaN,1.0,NaN,NaN,NaN,NaN,NaN,NaN,NaN,NaN,NaN,NaN,NaN,NaN,NaN,NaN,NaN
NaN,NaN,NaN,NaN,NaN,NaN,NaN,NaN,NaN,NaN,NaN,NaN,NaN,NaN,NaN,NaN,NaN,NaN,NaN,NaN,NaN,NaN,NaN,1.0,NaN,NaN,NaN,NaN,NaN,NaN,NaN,NaN,NaN,NaN,NaN,NaN,NaN,NaN
NaN,NaN,NaN,NaN,NaN,NaN,NaN,NaN,NaN,NaN,NaN,NaN,NaN,NaN,NaN,NaN,NaN,NaN,NaN,NaN,NaN,NaN,NaN,NaN,1.0,NaN,NaN,NaN,NaN,NaN,NaN,NaN,NaN,NaN,NaN,NaN,NaN,NaN
NaN,NaN,NaN,NaN,NaN,NaN,NaN,NaN,NaN,NaN,NaN,NaN,NaN,NaN,NaN,NaN,NaN,NaN,NaN,NaN,NaN,NaN,NaN,NaN,NaN,1.0,NaN,NaN,NaN,NaN,NaN,NaN,NaN,NaN,NaN,NaN,NaN,NaN
NaN,NaN,NaN,NaN,NaN,NaN,NaN,NaN,NaN,NaN,NaN,NaN,NaN,NaN,NaN,NaN,NaN,NaN,NaN,NaN,NaN,NaN,NaN,NaN,NaN,NaN,1.0,NaN,NaN,NaN,NaN,NaN,NaN,NaN,NaN,NaN,NaN,NaN
NaN,NaN,NaN,NaN,NaN,NaN,NaN,NaN,NaN,NaN,NaN,NaN,NaN,NaN,NaN,NaN,NaN,NaN,NaN,0.040278200171609095,0.8491899784430034,NaN,NaN,NaN,NaN,NaN,NaN,1.0,0.14603451126138342,NaN,NaN,NaN,NaN,-0.2967265922790646,NaN,NaN,NaN,NaN
NaN,NaN,NaN,NaN,NaN,NaN,NaN,NaN,NaN,NaN,NaN,NaN,NaN,NaN,NaN,NaN,NaN,NaN,NaN,-0.03358925161093106,0.14329797732345165,NaN,NaN,NaN,NaN,NaN,NaN,0.14603451126138342,1.0,NaN,NaN,NaN,NaN,-0.7055138375521048,NaN,NaN,NaN,NaN
NaN,NaN,NaN,NaN,NaN,NaN,NaN,NaN,NaN,NaN,NaN,NaN,NaN,NaN,NaN,NaN,NaN,NaN,NaN,NaN,NaN,NaN,NaN,NaN,NaN,NaN,NaN,NaN,NaN,1.0,NaN,NaN,NaN,NaN,NaN,NaN,NaN,NaN
NaN,NaN,NaN,NaN,NaN,NaN,NaN,NaN,NaN,NaN,NaN,NaN,NaN,NaN,NaN,NaN,NaN,NaN,NaN,NaN,NaN,NaN,NaN,NaN,NaN,NaN,NaN,NaN,NaN,NaN,1.0,NaN,NaN,NaN,NaN,NaN,NaN,NaN
NaN,NaN,NaN,NaN,NaN,NaN,NaN,NaN,NaN,NaN,NaN,NaN,NaN,NaN,NaN,NaN,NaN,NaN,NaN,NaN,NaN,NaN,NaN,NaN,NaN,NaN,NaN,NaN,NaN,NaN,NaN,1.0,NaN,NaN,NaN,NaN,NaN,NaN
NaN,NaN,NaN,NaN,NaN,NaN,NaN,NaN,NaN,NaN,NaN,NaN,NaN,NaN,NaN,NaN,NaN,NaN,NaN,NaN,NaN,NaN,NaN,NaN,NaN,NaN,NaN,NaN,NaN,NaN,NaN,NaN,1.0,NaN,NaN,NaN,NaN,NaN
NaN,NaN,NaN,NaN,NaN,NaN,NaN,NaN,NaN,NaN,NaN,NaN,NaN,NaN,NaN,NaN,NaN,NaN,NaN,-0.02004615931080782,-0.3131719263846833,NaN,NaN,NaN,NaN,NaN,NaN,-0.2967265922790646,-0.7055138375521048,NaN,NaN,NaN,NaN,1.0,NaN,NaN,NaN,NaN
NaN,NaN,NaN,NaN,NaN,NaN,NaN,NaN,NaN,NaN,NaN,NaN,NaN,NaN,NaN,NaN,NaN,NaN,NaN,NaN,NaN,NaN,NaN,NaN,NaN,NaN,NaN,NaN,NaN,NaN,NaN,NaN,NaN,NaN,1.0,NaN,NaN,NaN
NaN,NaN,NaN,NaN,NaN,NaN,NaN,NaN,NaN,NaN,NaN,NaN,NaN,NaN,NaN,NaN,NaN,NaN,NaN,NaN,NaN,NaN,NaN,NaN,NaN,NaN,NaN,NaN,NaN,NaN,NaN,NaN,NaN,NaN,NaN,1.0,NaN,NaN
NaN,NaN,NaN,NaN,NaN,NaN,NaN,NaN,NaN,NaN,NaN,NaN,NaN,NaN,NaN,NaN,NaN,NaN,NaN,NaN,NaN,NaN,NaN,NaN,NaN,NaN,NaN,NaN,NaN,NaN,NaN,NaN,NaN,NaN,NaN,NaN,1.0,NaN
NaN,NaN,NaN,NaN,NaN,NaN,NaN,NaN,NaN,NaN,NaN,NaN,NaN,NaN,NaN,NaN,NaN,NaN,NaN,NaN,NaN,NaN,NaN,NaN,NaN,NaN,NaN,NaN,NaN,NaN,NaN,NaN,NaN,NaN,NaN,NaN,NaN,1.0

1.0,-0.07791219368547729,0.028960685508509134,NaN,NaN,NaN,NaN,NaN,0.11764505156105283,NaN,NaN,NaN,-0.08403107471957352,0.12877942250818913,NaN,NaN,NaN,NaN,NaN,-0.20679001155298177,-0.1262451330297902,NaN,NaN,-0.05792441921196236,-0.05792441921196236,NaN,NaN,0.4280913122799036,0.020854808276678672,0.1750365478167945,0.34257222333509324,-0.05267202650194733,-0.25031034036864686,-0.05792441921196236,NaN,NaN,-0.05792441921196236,-0.05792441921196236
-0.07791219368547729,1.0,-0.1376258827184283,NaN,NaN,NaN,NaN,NaN,0.14613873403798547,NaN,NaN,NaN,-0.09403145484709412,-0.02820015446349436,NaN,NaN,NaN,NaN,NaN,0.31442719854033846,0.2958726686166826,NaN,NaN,-0.07215084870136139,-0.07215084870136139,NaN,NaN,-0.11275665893769014,0.10535066672524727,-0.0921598549711682,-0.22663581665185503,-0.12563324046748708,0.2566405723882232,-0.07215084870136139,NaN,NaN,-0.07215084870136139,-0.07215084870136139
0.028960685508509134,-0.1376258827184283,1.0,NaN,NaN,NaN,NaN,NaN,0.05491520018707487,NaN,NaN,NaN,-0.07098611786426966,0.006443985533162554,NaN,NaN,NaN,NaN,NaN,-0.16368116387254006,-0.16081308154653656,NaN,NaN,-0.04383193391695771,-0.04383193391695771,NaN,NaN,0.03390720642046891,-0.18671769926611337,-0.045479892783900036,0.03840643684543742,0.30765262370471097,-0.0609658265685078,-0.04383193391695771,NaN,NaN,-0.04383193391695771,-0.04383193391695771
NaN,NaN,NaN,1.0,NaN,NaN,NaN,NaN,NaN,NaN,NaN,NaN,NaN,NaN,NaN,NaN,NaN,NaN,NaN,NaN,NaN,NaN,NaN,NaN,NaN,NaN,NaN,NaN,NaN,NaN,NaN,NaN,NaN,NaN,NaN,NaN,NaN,NaN
NaN,NaN,NaN,NaN,1.0,NaN,NaN,NaN,NaN,NaN,NaN,NaN,NaN,NaN,NaN,NaN,NaN,NaN,NaN,NaN,NaN,NaN,NaN,NaN,NaN,NaN,NaN,NaN,NaN,NaN,NaN,NaN,NaN,NaN,NaN,NaN,NaN,NaN
NaN,NaN,NaN,NaN,NaN,1.0,NaN,NaN,NaN,NaN,NaN,NaN,NaN,NaN,NaN,NaN,NaN,NaN,NaN,NaN,NaN,NaN,NaN,NaN,NaN,NaN,NaN,NaN,NaN,NaN,NaN,NaN,NaN,NaN,NaN,NaN,NaN,NaN
NaN,NaN,NaN,NaN,NaN,NaN,1.0,NaN,NaN,NaN,NaN,NaN,NaN,NaN,NaN,NaN,NaN,NaN,NaN,NaN,NaN,NaN,NaN,NaN,NaN,NaN,NaN,NaN,NaN,NaN,NaN,NaN,NaN,NaN,NaN,NaN,NaN,NaN
NaN,NaN,NaN,NaN,NaN,NaN,NaN,1.0,NaN,NaN,NaN,NaN,NaN,NaN,NaN,NaN,NaN,NaN,NaN,NaN,NaN,NaN,NaN,NaN,NaN,NaN,NaN,NaN,NaN,NaN,NaN,NaN,NaN,NaN,NaN,NaN,NaN,NaN
0.11764505156105283,0.14613873403798547,0.05491520018707487,NaN,NaN,NaN,NaN,NaN,1.0,NaN,NaN,NaN,0.035897907930887485,0.029160592175990388,NaN,NaN,NaN,NaN,NaN,0.07800136689307316,0.1064523363176828,NaN,NaN,-0.49236596391733106,-0.49236596391733106,NaN,NaN,0.13614508346945867,-0.14089847913060818,-0.24705326119694615,0.20345341105814843,0.012494163976234826,0.11098338011505117,-0.49236596391733073,NaN,NaN,-0.49236596391733106,-0.49236596391733106
NaN,NaN,NaN,NaN,NaN,NaN,NaN,NaN,NaN,1.0,NaN,NaN,NaN,NaN,NaN,NaN,NaN,NaN,NaN,NaN,NaN,NaN,NaN,NaN,NaN,NaN,NaN,NaN,NaN,NaN,NaN,NaN,NaN,NaN,NaN,NaN,NaN,NaN
NaN,NaN,NaN,NaN,NaN,NaN,NaN,NaN,NaN,NaN,1.0,NaN,NaN,NaN,NaN,NaN,NaN,NaN,NaN,NaN,NaN,NaN,NaN,NaN,NaN,NaN,NaN,NaN,NaN,NaN,NaN,NaN,NaN,NaN,NaN,NaN,NaN,NaN
NaN,NaN,NaN,NaN,NaN,NaN,NaN,NaN,NaN,NaN,NaN,1.0,NaN,NaN,NaN,NaN,NaN,NaN,NaN,NaN,NaN,NaN,NaN,NaN,NaN,NaN,NaN,NaN,NaN,NaN,NaN,NaN,NaN,NaN,NaN,NaN,NaN,NaN
-0.08403107471957352,-0.09403145484709412,-0.07098611786426966,NaN,NaN,NaN,NaN,NaN,0.035897907930887485,NaN,NaN,NaN,1.0,-0.02512330207545314,NaN,NaN,NaN,NaN,NaN,-0.06009073205569975,-0.08079565612681094,NaN,NaN,-0.017674908041004217,-0.017674908041004217,NaN,NaN,-0.10002743925956074,-0.012447540138336738,-0.13994512849942803,-0.2728515984062638,0.003036097125545061,-0.052211485101239116,-0.017674908041004217,NaN,NaN,-0.017674908041004217,-0.017674908041004217
0.12877942250818913,-0.02820015446349436,0.006443985533162554,NaN,NaN,NaN,NaN,NaN,0.029160592175990388,NaN,NaN,NaN,-0.02512330207545314,1.0,NaN,NaN,NaN,NaN,NaN,-0.054589585179328604,-0.05232816479055289,NaN,NaN,-0.014357683075131649,-0.014357683075131649,NaN,NaN,0.06174154322167649,0.004653027671514024,0.03361836778781714,0.05782380513142453,0.1706219228562391,-0.047449545569941194,-0.014357683075131649,NaN,NaN,-0.014357683075131649,-0.014357683075131649
NaN,NaN,NaN,NaN,NaN,NaN,NaN,NaN,NaN,NaN,NaN,NaN,NaN,NaN,1.0,NaN,NaN,NaN,NaN,NaN,NaN,NaN,NaN,NaN,NaN,NaN,NaN,NaN,NaN,NaN,NaN,NaN,NaN,NaN,NaN,NaN,NaN,NaN
NaN,NaN,NaN,NaN,NaN,NaN,NaN,NaN,NaN,NaN,NaN,NaN,NaN,NaN,NaN,1.0,NaN,NaN,NaN,NaN,NaN,NaN,NaN,NaN,NaN,NaN,NaN,NaN,NaN,NaN,NaN,NaN,NaN,NaN,NaN,NaN,NaN,NaN
NaN,NaN,NaN,NaN,NaN,NaN,NaN,NaN,NaN,NaN,NaN,NaN,NaN,NaN,NaN,NaN,1.0,NaN,NaN,NaN,NaN,NaN,NaN,NaN,NaN,NaN,NaN,NaN,NaN,NaN,NaN,NaN,NaN,NaN,NaN,NaN,NaN,NaN
NaN,NaN,NaN,NaN,NaN,NaN,NaN,NaN,NaN,NaN,NaN,NaN,NaN,NaN,NaN,NaN,NaN,1.0,NaN,NaN,NaN,NaN,NaN,NaN,NaN,NaN,NaN,NaN,NaN,NaN,NaN,NaN,NaN,NaN,NaN,NaN,NaN,NaN
NaN,NaN,NaN,NaN,NaN,NaN,NaN,NaN,NaN,NaN,NaN,NaN,NaN,NaN,NaN,NaN,NaN,NaN,1.0,NaN,NaN,NaN,NaN,NaN,NaN,NaN,NaN,NaN,NaN,NaN,NaN,NaN,NaN,NaN,NaN,NaN,NaN,NaN
-0.20679001155298177,0.31442719854033846,-0.16368116387254006,NaN,NaN,NaN,NaN,NaN,0.07800136689307316,NaN,NaN,NaN,-0.06009073205569975,-0.054589585179328604,NaN,NaN,NaN,NaN,NaN,1.0,0.9756245167029888,NaN,NaN,-0.038405218197176,-0.038405218197176,NaN,NaN,-0.24593430639767086,0.18911135663257853,-0.1016397085709412,-0.35325620909393207,-0.14761934937466697,0.5373527353362997,-0.038405218197176,NaN,NaN,-0.038405218197176,-0.038405218197176
-0.1262451330297902,0.2958726686166826,-0.16081308154653656,NaN,NaN,NaN,NaN,NaN,0.1064523363176828,NaN,NaN,NaN,-0.08079565612681094,-0.05232816479055289,NaN,NaN,NaN,NaN,NaN,0.9756245167029888,1.0,NaN,NaN,-0.05241350718230699,-0.05241350718230699,NaN,NaN,-0.056579738348473366,0.1563011908565897,-0.09083985711119688,-0.27066075641776427,-0.12935910172798676,0.5045205929287452,-0.05241350718230699,NaN,NaN,-0.05241350718230699,-0.05241350718230699
NaN,NaN,NaN,NaN,NaN,NaN,NaN,NaN,NaN,NaN,NaN,NaN,NaN,NaN,NaN,NaN,NaN,NaN,NaN,NaN,NaN,1.0,NaN,NaN,NaN,NaN,NaN,NaN,NaN,NaN,NaN,NaN,NaN,NaN,NaN,NaN,NaN,NaN
NaN,NaN,NaN,NaN,NaN,NaN,NaN,NaN,NaN,NaN,NaN,NaN,NaN,NaN,NaN,NaN,NaN,NaN,NaN,NaN,NaN,NaN,1.0,NaN,NaN,NaN,NaN,NaN,NaN,NaN,NaN,NaN,NaN,NaN,NaN,NaN,NaN,NaN
-0.05792441921196236,-0.07215084870136139,-0.04383193391695771,NaN,NaN,NaN,NaN,NaN,-0.49236596391733106,NaN,NaN,NaN,-0.017674908041004217,-0.014357683075131649,NaN,NaN,NaN,NaN,NaN,-0.038405218197176,-0.05241350718230699,NaN,NaN,1.0,1.0,NaN,NaN,-0.0670332052550455,0.4549574584010855,0.7573141806375162,0.1250338877923759,-0.15600083019270009,-0.06527565272859649,1.0,NaN,NaN,1.0,1.0
-0.05792441921196236,-0.07215084870136139,-0.04383193391695771,NaN,NaN,NaN,NaN,NaN,-0.49236596391733106,NaN,NaN,NaN,-0.017674908041004217,-0.014357683075131649,NaN,NaN,NaN,NaN,NaN,-0.038405218197176,-0.05241350718230699,NaN,NaN,1.0,1.0,NaN,NaN,-0.0670332052550455,0.4549574584010855,0.7573141806375162,0.1250338877923759,-0.15600083019270009,-0.06527565272859649,1.0,NaN,NaN,1.0,1.0
NaN,NaN,NaN,NaN,NaN,NaN,NaN,NaN,NaN,NaN,NaN,NaN,NaN,NaN,NaN,NaN,NaN,NaN,NaN,NaN,NaN,NaN,NaN,NaN,NaN,1.0,NaN,NaN,NaN,NaN,NaN,NaN,NaN,NaN,NaN,NaN,NaN,NaN
NaN,NaN,NaN,NaN,NaN,NaN,NaN,NaN,NaN,NaN,NaN,NaN,NaN,NaN,NaN,NaN,NaN,NaN,NaN,NaN,NaN,NaN,NaN,NaN,NaN,NaN,1.0,NaN,NaN,NaN,NaN,NaN,NaN,NaN,NaN,NaN,NaN,NaN
0.4280913122799036,-0.11275665893769014,0.03390720642046891,NaN,NaN,NaN,NaN,NaN,0.13614508346945867,NaN,NaN,NaN,-0.10002743925956074,0.06174154322167649,NaN,NaN,NaN,NaN,NaN,-0.24593430639767086,-0.056579738348473366,NaN,NaN,-0.0670332052550455,-0.0670332052550455,NaN,NaN,1.0,-0.12077784992083145,0.1002492385658889,0.4247306833724517,0.07365211286576076,-0.2559171205474019,-0.06703320525504554,NaN,NaN,-0.06703320525504554,-0.06703320525504554
0.020854808276678672,0.10535066672524727,-0.18671769926611337,NaN,NaN,NaN,NaN,NaN,-0.14089847913060818,NaN,NaN,NaN,-0.012447540138336738,0.004653027671514024,NaN,NaN,NaN,NaN,NaN,0.18911135663257853,0.1563011908565897,NaN,NaN,0.4549574584010855,0.4549574584010855,NaN,NaN,-0.12077784992083145,1.0,0.7580140624196647,-0.28467070025662555,-0.5430866990575735,-0.2238081283354734,0.4549574584010857,NaN,NaN,0.45495745840108553,0.45495745840108553
0.1750365478167945,-0.0921598549711682,-0.045479892783900036,NaN,NaN,NaN,NaN,NaN,-0.24705326119694615,NaN,NaN,NaN,-0.13994512849942803,0.03361836778781714,NaN,NaN,NaN,NaN,NaN,-0.1016397085709412,-0.09083985711119688,NaN,NaN,0.7573141806375162,0.7573141806375162,NaN,NaN,0.1002492385658889,0.7580140624196647,1.0,0.29390193106307555,-0.36476794544147734,-0.3458615082074846,0.7573141806375169,NaN,NaN,0.7573141806375161,0.7573141806375161
0.34257222333509324,-0.22663581665185503,0.03840643684543742,NaN,NaN,NaN,NaN,NaN,0.20345341105814843,NaN,NaN,NaN,-0.2728515984062638,0.05782380513142453,NaN,NaN,NaN,NaN,NaN,-0.35325620909393207,-0.27066075641776427,NaN,NaN,0.1250338877923759,0.1250338877923759,NaN,NaN,0.4247306833724517,-0.28467070025662555,0.29390193106307555,1.0,0.012174365036342602,-0.1509639326356064,0.12503388779237593,NaN,NaN,0.12503388779237593,0.12503388779237593
-0.05267202650194733,-0.12563324046748708,0.30765262370471097,NaN,NaN,NaN,NaN,NaN,0.012494163976234826,NaN,NaN,NaN,0.003036097125545061,0.1706219228562391,NaN,NaN,NaN,NaN,NaN,-0.14761934937466697,-0.12935910172798676,NaN,NaN,-0.15600083019270009,-0.15600083019270009,NaN,NaN,0.07365211286576076,-0.5430866990575735,-0.36476794544147734,0.012174365036342602,1.0,-0.20837049405982538,-0.15600083019270056,NaN,NaN,-0.1560008301927001,-0.1560008301927001
-0.25031034036864686,0.2566405723882232,-0.0609658265685078,NaN,NaN,NaN,NaN,NaN,0.11098338011505117,NaN,NaN,NaN,-0.052211485101239116,-0.047449545569941194,NaN,NaN,NaN,NaN,NaN,0.5373527353362997,0.5045205929287452,NaN,NaN,-0.06527565272859649,-0.06527565272859649,NaN,NaN,-0.2559171205474019,-0.2238081283354734,-0.3458615082074846,-0.1509639326356064,-0.20837049405982538,1.0,-0.06527565272859616,NaN,NaN,-0.06527565272859616,-0.06527565272859616
-0.05792441921196236,-0.07215084870136139,-0.04383193391695771,NaN,NaN,NaN,NaN,NaN,-0.49236596391733073,NaN,NaN,NaN,-0.017674908041004217,-0.014357683075131649,NaN,NaN,NaN,NaN,NaN,-0.038405218197176,-0.05241350718230699,NaN,NaN,1.0,1.0,NaN,NaN,-0.06703320525504554,0.4549574584010857,0.7573141806375169,0.12503388779237593,-0.15600083019270056,-0.06527565272859616,1.0,NaN,NaN,1.0,1.0
NaN,NaN,NaN,NaN,NaN,NaN,NaN,NaN,NaN,NaN,NaN,NaN,NaN,NaN,NaN,NaN,NaN,NaN,NaN,NaN,NaN,NaN,NaN,NaN,NaN,NaN,NaN,NaN,NaN,NaN,NaN,NaN,NaN,NaN,1.0,NaN,NaN,NaN
NaN,NaN,NaN,NaN,NaN,NaN,NaN,NaN,NaN,NaN,NaN,NaN,NaN,NaN,NaN,NaN,NaN,NaN,NaN,NaN,NaN,NaN,NaN,NaN,NaN,NaN,NaN,NaN,NaN,NaN,NaN,NaN,NaN,NaN,NaN,1.0,NaN,NaN
-0.05792441921196236,-0.07215084870136139,-0.04383193391695771,NaN,NaN,NaN,NaN,NaN,-0.49236596391733106,NaN,NaN,NaN,-0.017674908041004217,-0.014357683075131649,NaN,NaN,NaN,NaN,NaN,-0.038405218197176,-0.05241350718230699,NaN,NaN,1.0,1.0,NaN,NaN,-0.06703320525504554,0.45495745840108553,0.7573141806375161,0.12503388779237593,-0.1560008301927001,-0.06527565272859616,1.0,NaN,NaN,1.0,1.0
-0.05792441921196236,-0.07215084870136139,-0.04383193391695771,NaN,NaN,NaN,NaN,NaN,-0.49236596391733106,NaN,NaN,NaN,-0.017674908041004217,-0.014357683075131649,NaN,NaN,NaN,NaN,NaN,-0.038405218197176,-0.05241350718230699,NaN,NaN,1.0,1.0,NaN,NaN,-0.06703320525504554,0.45495745840108553,0.7573141806375161,0.12503388779237593,-0.1560008301927001,-0.06527565272859616,1.0,NaN,NaN,1.0,1.0

1.0,0.059965124852249016,0.011316034068908467,NaN,NaN,NaN,-0.055703901762373866,NaN,-0.06739966937104523,NaN,NaN,NaN,-0.09142066944411369,-0.009096818671053336,NaN,0.05465337106293794,NaN,NaN,NaN,-0.15531160010786896,-0.04918776438572128,NaN,NaN,0.1220745081175413,0.1220745081175413,NaN,NaN,0.3048000846222953,-0.06740647845015263,0.21006711184757387,0.24656320158340095,0.07526505820831925,-0.2780272208791349,NaN,NaN,NaN,-0.14544065607809623,0.1220745081175413
0.059965124852249016,1.0,-0.048549281078283414,NaN,NaN,NaN,-0.01055421067761678,NaN,0.022646282973931828,NaN,NaN,NaN,-0.017908738870407857,-0.017876443095087607,NaN,-0.01774158817291239,NaN,NaN,NaN,0.028189256002524626,0.05379366447044468,NaN,NaN,-0.011151985954298194,-0.011151985954298194,NaN,NaN,0.07114129675476182,-0.09588289451545243,-0.12567597589151527,-0.11264401867484529,0.04868381958913728,0.22420022535826878,NaN,NaN,NaN,-0.06821446771756144,-0.011151985954298194
0.011316034068908467,-0.048549281078283414,1.0,NaN,NaN,NaN,0.00609740918706091,NaN,0.0595180068890519,NaN,NaN,NaN,-0.07513179669234059,-0.06299926405965732,NaN,0.005808608513636163,NaN,NaN,NaN,-0.15641577414868968,-0.16466173939073472,NaN,NaN,-0.043442093150356825,-0.043442093150356825,NaN,NaN,-0.018520376067228537,-0.22269823025520263,-0.011522266657571162,0.0031552230015027796,0.2395699860138695,-0.25451476407066614,NaN,NaN,NaN,-0.17434559911424544,-0.043442093150356825
NaN,NaN,NaN,1.0,NaN,NaN,NaN,NaN,NaN,NaN,NaN,NaN,NaN,NaN,NaN,NaN,NaN,NaN,NaN,NaN,NaN,NaN,NaN,NaN,NaN,NaN,NaN,NaN,NaN,NaN,NaN,NaN,NaN,NaN,NaN,NaN,NaN,NaN
NaN,NaN,NaN,NaN,1.0,NaN,NaN,NaN,NaN,NaN,NaN,NaN,NaN,NaN,NaN,NaN,NaN,NaN,NaN,NaN,NaN,NaN,NaN,NaN,NaN,NaN,NaN,NaN,NaN,NaN,NaN,NaN,NaN,NaN,NaN,NaN,NaN,NaN
NaN,NaN,NaN,NaN,NaN,1.0,NaN,NaN,NaN,NaN,NaN,NaN,NaN,NaN,NaN,NaN,NaN,NaN,NaN,NaN,NaN,NaN,NaN,NaN,NaN,NaN,NaN,NaN,NaN,NaN,NaN,NaN,NaN,NaN,NaN,NaN,NaN,NaN
-0.055703901762373866,-0.01055421067761678,0.00609740918706091,NaN,NaN,NaN,1.0,NaN,0.020515248496554325,NaN,NaN,NaN,-0.016577673668809852,-0.02385520889881662,NaN,-0.016635504283532634,NaN,NaN,NaN,-0.03666425741477367,-0.010432888043463836,NaN,NaN,-0.01010101010100736,-0.01010101010100736,NaN,NaN,0.1479287454209786,-0.06789368059162335,0.030045579423986557,0.06250958463942884,0.05406393505682508,-0.05615814992333268,NaN,NaN,NaN,-0.07537783614444085,-0.01010101010100736
NaN,NaN,NaN,NaN,NaN,NaN,NaN,1.0,NaN,NaN,NaN,NaN,NaN,NaN,NaN,NaN,NaN,NaN,NaN,NaN,NaN,NaN,NaN,NaN,NaN,NaN,NaN,NaN,NaN,NaN,NaN,NaN,NaN,NaN,NaN,NaN,NaN,NaN
-0.06739966937104523,0.022646282973931828,0.0595180068890519,NaN,NaN,NaN,0.020515248496554325,NaN,1.0,NaN,NaN,NaN,0.03366941438623511,0.04845015831115113,NaN,0.03378686891997457,NaN,NaN,NaN,0.07446545882876847,0.09342553141167279,NaN,NaN,-0.4923659639173309,-0.4923659639173309,NaN,NaN,0.0355229832822819,-0.1060713208766214,0.39771542505799123,0.4202023930384894,0.03857991419727056,0.11405774167761416,NaN,NaN,NaN,-0.05953620902597982,-0.4923659639173309
NaN,NaN,NaN,NaN,NaN,NaN,NaN,NaN,NaN,1.0,NaN,NaN,NaN,NaN,NaN,NaN,NaN,NaN,NaN,NaN,NaN,NaN,NaN,NaN,NaN,NaN,NaN,NaN,NaN,NaN,NaN,NaN,NaN,NaN,NaN,NaN,NaN,NaN
NaN,NaN,NaN,NaN,NaN,NaN,NaN,NaN,NaN,NaN,1.0,NaN,NaN,NaN,NaN,NaN,NaN,NaN,NaN,NaN,NaN,NaN,NaN,NaN,NaN,NaN,NaN,NaN,NaN,NaN,NaN,NaN,NaN,NaN,NaN,NaN,NaN,NaN
NaN,NaN,NaN,NaN,NaN,NaN,NaN,NaN,NaN,NaN,NaN,1.0,NaN,NaN,NaN,NaN,NaN,NaN,NaN,NaN,NaN,NaN,NaN,NaN,NaN,NaN,NaN,NaN,NaN,NaN,NaN,NaN,NaN,NaN,NaN,NaN,NaN,NaN
-0.09142066944411369,-0.017908738870407857,-0.07513179669234059,NaN,NaN,NaN,-0.016577673668809852,NaN,0.03366941438623511,NaN,NaN,NaN,1.0,-0.039150922974163824,NaN,-0.02730201817152153,NaN,NaN,NaN,-0.04915230515525418,-0.039359164336940235,NaN,NaN,-0.01657767366881277,-0.01657767366881277,NaN,NaN,0.04886195704363946,-0.04204000039774677,-0.20869521802399113,-0.2127502395285099,0.08872917298975613,0.258294067823026,NaN,NaN,NaN,0.048109183024347996,-0.01657767366881277
-0.009096818671053336,-0.017876443095087607,-0.06299926405965732,NaN,NaN,NaN,-0.02385520889881662,NaN,0.04845015831115113,NaN,NaN,NaN,-0.039150922974163824,1.0,NaN,-0.03928749955226094,NaN,NaN,NaN,0.17706282812311713,0.12935471664036638,NaN,NaN,-0.023855208898817183,-0.023855208898817183,NaN,NaN,-0.1715277603359439,0.12436796938763427,-0.096512278897381,-0.1202636507807662,-0.131131776218877,0.21058484298085994,NaN,NaN,NaN,0.1310404747589045,-0.023855208898817183
NaN,NaN,NaN,NaN,NaN,NaN,NaN,NaN,NaN,NaN,NaN,NaN,NaN,NaN,1.0,NaN,NaN,NaN,NaN,NaN,NaN,NaN,NaN,NaN,NaN,NaN,NaN,NaN,NaN,NaN,NaN,NaN,NaN,NaN,NaN,NaN,NaN,NaN
0.05465337106293794,-0.01774158817291239,0.005808608513636163,NaN,NaN,NaN,-0.016635504283532634,NaN,0.03378686891997457,NaN,NaN,NaN,-0.02730201817152153,-0.03928749955226094,NaN,1.0,NaN,NaN,NaN,-0.06038291271632022,-0.056232258610671125,NaN,NaN,-0.016635504283531707,-0.016635504283531707,NaN,NaN,-0.028805049115317522,-0.12328333282316688,0.05056386178233787,0.11128788746418426,0.14919998629564796,-0.09248769521687653,NaN,NaN,NaN,-0.12414088329035508,-0.016635504283531707
NaN,NaN,NaN,NaN,NaN,NaN,NaN,NaN,NaN,NaN,NaN,NaN,NaN,NaN,NaN,NaN,1.0,NaN,NaN,NaN,NaN,NaN,NaN,NaN,NaN,NaN,NaN,NaN,NaN,NaN,NaN,NaN,NaN,NaN,NaN,NaN,NaN,NaN
NaN,NaN,NaN,NaN,NaN,NaN,NaN,NaN,NaN,NaN,NaN,NaN,NaN,NaN,NaN,NaN,NaN,1.0,NaN,NaN,NaN,NaN,NaN,NaN,NaN,NaN,NaN,NaN,NaN,NaN,NaN,NaN,NaN,NaN,NaN,NaN,NaN,NaN
NaN,NaN,NaN,NaN,NaN,NaN,NaN,NaN,NaN,NaN,NaN,NaN,NaN,NaN,NaN,NaN,NaN,NaN,1.0,NaN,NaN,NaN,NaN,NaN,NaN,NaN,NaN,NaN,NaN,NaN,NaN,NaN,NaN,NaN,NaN,NaN,NaN,NaN
-0.15531160010786896,0.028189256002524626,-0.15641577414868968,NaN,NaN,NaN,-0.03666425741477367,NaN,0.07446545882876847,NaN,NaN,NaN,-0.04915230515525418,0.17706282812311713,NaN,-0.06038291271632022,NaN,NaN,NaN,1.0,0.950782913908422,NaN,NaN,-0.03666425741477333,-0.03666425741477333,NaN,NaN,-0.22329285454602765,0.36196068013277466,-0.2943859990067257,-0.3871242882226709,-0.27973944010642326,0.6502053296982185,NaN,NaN,NaN,0.40845660623325275,-0.03666425741477333
-0.04918776438572128,0.05379366447044468,-0.16466173939073472,NaN,NaN,NaN,-0.010432888043463836,NaN,0.09342553141167279,NaN,NaN,NaN,-0.039359164336940235,0.12935471664036638,NaN,-0.056232258610671125,NaN,NaN,NaN,0.950782913908422,1.0,NaN,NaN,-0.057855106422841605,-0.057855106422841605,NaN,NaN,0.0511050344236753,0.28981478531519833,-0.26020757472347616,-0.32951942260055916,-0.2322789976000485,0.6213495094567905,NaN,NaN,NaN,0.3350100318431803,-0.057855106422841605
NaN,NaN,NaN,NaN,NaN,NaN,NaN,NaN,NaN,NaN,NaN,NaN,NaN,NaN,NaN,NaN,NaN,NaN,NaN,NaN,NaN,1.0,NaN,NaN,NaN,NaN,NaN,NaN,NaN,NaN,NaN,NaN,NaN,NaN,NaN,NaN,NaN,NaN
NaN,NaN,NaN,NaN,NaN,NaN,NaN,NaN,NaN,NaN,NaN,NaN,NaN,NaN,NaN,NaN,NaN,NaN,NaN,NaN,NaN,NaN,1.0,NaN,NaN,NaN,NaN,NaN,NaN,NaN,NaN,NaN,NaN,NaN,NaN,NaN,NaN,NaN
0.1220745081175413,-0.011151985954298194,-0.043442093150356825,NaN,NaN,NaN,-0.01010101010100736,NaN,-0.4923659639173309,NaN,NaN,NaN,-0.01657767366881277,-0.023855208898817183,NaN,-0.016635504283531707,NaN,NaN,NaN,-0.03666425741477333,-0.057855106422841605,NaN,NaN,1.0,1.0,NaN,NaN,-0.07262999234699295,0.050485044542489116,-0.20370062413675225,-0.21297011435481455,0.05406393505682404,-0.05615814992333268,NaN,NaN,NaN,0.13400504203456162,1.0
0.1220745081175413,-0.011151985954298194,-0.043442093150356825,NaN,NaN,NaN,-0.01010101010100736,NaN,-0.4923659639173309,NaN,NaN,NaN,-0.01657767366881277,-0.023855208898817183,NaN,-0.016635504283531707,NaN,NaN,NaN,-0.03666425741477333,-0.057855106422841605,NaN,NaN,1.0,1.0,NaN,NaN,-0.07262999234699295,0.050485044542489116,-0.20370062413675225,-0.21297011435481455,0.05406393505682404,-0.05615814992333268,NaN,NaN,NaN,0.13400504203456162,1.0
NaN,NaN,NaN,NaN,NaN,NaN,NaN,NaN,NaN,NaN,NaN,NaN,NaN,NaN,NaN,NaN,NaN,NaN,NaN,NaN,NaN,NaN,NaN,NaN,NaN,1.0,NaN,NaN,NaN,NaN,NaN,NaN,NaN,NaN,NaN,NaN,NaN,NaN
NaN,NaN,NaN,NaN,NaN,NaN,NaN,NaN,NaN,NaN,NaN,NaN,NaN,NaN,NaN,NaN,NaN,NaN,NaN,NaN,NaN,NaN,NaN,NaN,NaN,NaN,1.0,NaN,NaN,NaN,NaN,NaN,NaN,NaN,NaN,NaN,NaN,NaN
0.3048000846222953,0.07114129675476182,-0.018520376067228537,NaN,NaN,NaN,0.1479287454209786,NaN,0.0355229832822819,NaN,NaN,NaN,0.04886195704363946,-0.1715277603359439,NaN,-0.028805049115317522,NaN,NaN,NaN,-0.22329285454602765,0.0511050344236753,NaN,NaN,-0.07262999234699295,-0.07262999234699295,NaN,NaN,1.0,-0.16641407116826618,0.18336797465395233,0.2297092503970317,0.1334957521389889,-0.15882364686470465,NaN,NaN,NaN,-0.17623918586268536,-0.07262999234699305
-0.06740647845015263,-0.09588289451545243,-0.22269823025520263,NaN,NaN,NaN,-0.06789368059162335,NaN,-0.1060713208766214,NaN,NaN,NaN,-0.04204000039774677,0.12436796938763427,NaN,-0.12328333282316688,NaN,NaN,NaN,0.36196068013277466,0.28981478531519833,NaN,NaN,0.050485044542489116,0.050485044542489116,NaN,NaN,-0.16641407116826618,1.0,0.17079074207004788,-0.21337728673281786,-0.8106377903373485,0.2654370633977612,NaN,NaN,NaN,0.8314259599703944,0.0504850445424891
0.21006711184757387,-0.12567597589151527,-0.011522266657571162,NaN,NaN,NaN,0.030045579423986557,NaN,0.39771542505799123,NaN,NaN,NaN,-0.20869521802399113,-0.096512278897381,NaN,0.05056386178233787,NaN,NaN,NaN,-0.2943859990067257,-0.26020757472347616,NaN,NaN,-0.20370062413675225,-0.20370062413675225,NaN,NaN,0.18336797465395233,0.17079074207004788,1.0,0.9096165044851974,-0.21818222898080755,-0.5822034225971581,NaN,NaN,NaN,-0.08120509782746503,-0.2037006241367521
0.24656320158340095,-0.11264401867484529,0.0031552230015027796,NaN,NaN,NaN,0.06250958463942884,NaN,0.4202023930384894,NaN,NaN,NaN,-0.2127502395285099,-0.1202636507807662,NaN,0.11128788746418426,NaN,NaN,NaN,-0.3871242882226709,-0.32951942260055916,NaN,NaN,-0.21297011435481455,-0.21297011435481455,NaN,NaN,0.2297092503970317,-0.21337728673281786,0.9096165044851974,1.0,0.09616209699287777,-0.6719206471589703,NaN,NaN,NaN,-0.3867279339710096,-0.2129701143548146
0.07526505820831925,0.04868381958913728,0.2395699860138695,NaN,NaN,NaN,0.05406393505682508,NaN,0.03857991419727056,NaN,NaN,NaN,0.08872917298975613,-0.131131776218877,NaN,0.14919998629564796,NaN,NaN,NaN,-0.27973944010642326,-0.2322789976000485,NaN,NaN,0.05406393505682404,0.05406393505682404,NaN,NaN,0.1334957521389889,-0.8106377903373485,-0.21818222898080755,0.09616209699287777,1.0,-0.2385004407785345,NaN,NaN,NaN,-0.4446398103339316,0.054063935056824705
-0.2780272208791349,0.22420022535826878,-0.25451476407066614,NaN,NaN,NaN,-0.05615814992333268,NaN,0.11405774167761416,NaN,NaN,NaN,0.258294067823026,0.21058484298085994,NaN,-0.09248769521687653,NaN,NaN,NaN,0.6502053296982185,0.6213495094567905,NaN,NaN,-0.05615814992333268,-0.05615814992333268,NaN,NaN,-0.15882364686470465,0.2654370633977612,-0.5822034225971581,-0.6719206471589703,-0.2385004407785345,1.0,NaN,NaN,NaN,0.435169995270428,-0.056158149923332894
NaN,NaN,NaN,NaN,NaN,NaN,NaN,NaN,NaN,NaN,NaN,NaN,NaN,NaN,NaN,NaN,NaN,NaN,NaN,NaN,NaN,NaN,NaN,NaN,NaN,NaN,NaN,NaN,NaN,NaN,NaN,NaN,NaN,1.0,NaN,NaN,NaN,NaN
NaN,NaN,NaN,NaN,NaN,NaN,NaN,NaN,NaN,NaN,NaN,NaN,NaN,NaN,NaN,NaN,NaN,NaN,NaN,NaN,NaN,NaN,NaN,NaN,NaN,NaN,NaN,NaN,NaN,NaN,NaN,NaN,NaN,NaN,1.0,NaN,NaN,NaN
NaN,NaN,NaN,NaN,NaN,NaN,NaN,NaN,NaN,NaN,NaN,NaN,NaN,NaN,NaN,NaN,NaN,NaN,NaN,NaN,NaN,NaN,NaN,NaN,NaN,NaN,NaN,NaN,NaN,NaN,NaN,NaN,NaN,NaN,NaN,1.0,NaN,NaN
-0.14544065607809623,-0.06821446771756144,-0.17434559911424544,NaN,NaN,NaN,-0.07537783614444085,NaN,-0.05953620902597982,NaN,NaN,NaN,0.048109183024347996,0.1310404747589045,NaN,-0.12414088329035508,NaN,NaN,NaN,0.40845660623325275,0.3350100318431803,NaN,NaN,0.13400504203456162,0.13400504203456162,NaN,NaN,-0.17623918586268536,0.8314259599703944,-0.08120509782746503,-0.3867279339710096,-0.4446398103339316,0.435169995270428,NaN,NaN,NaN,1.0,0.13400504203456184
0.1220745081175413,-0.011151985954298194,-0.043442093150356825,NaN,NaN,NaN,-0.01010101010100736,NaN,-0.4923659639173309,NaN,NaN,NaN,-0.01657767366881277,-0.023855208898817183,NaN,-0.016635504283531707,NaN,NaN,NaN,-0.03666425741477333,-0.057855106422841605,NaN,NaN,1.0,1.0,NaN,NaN,-0.07262999234699305,0.0504850445424891,-0.2037006241367521,-0.2129701143548146,0.054063935056824705,-0.056158149923332894,NaN,NaN,NaN,0.13400504203456184,1.0

1.0,0.2431347421334973,0.18028266608229002,NaN,NaN,NaN,NaN,NaN,0.1318569202512035,NaN,NaN,NaN,-0.052453398546053145,-0.07455781798124153,NaN,-0.052453398546053145,NaN,NaN,NaN,NaN,0.21899105688249856,NaN,NaN,-0.052453398546053145,-0.052453398546053145,NaN,NaN,0.299496725470046,0.06327963488274738,0.17508807610430896,0.13203335214526915,-0.014773615583326412,-0.0743698819264714,-0.05258816938661987,NaN,NaN,-0.052453398546053145,-0.052453398546053145
0.2431347421334973,1.0,0.5253179857968202,NaN,NaN,NaN,NaN,NaN,0.4316994637329417,NaN,NaN,NaN,0.12111792527129749,-0.0497173886091718,NaN,0.14247911138616465,NaN,NaN,NaN,NaN,-0.020301020159343246,NaN,NaN,-0.17274271614674155,-0.17274271614674155,NaN,NaN,0.025875540168771343,0.17965944391522623,0.48935253439876875,0.39057792003331426,-0.054574688409877045,-0.24713281171204438,-0.17575155951680932,NaN,NaN,-0.17274271614674155,-0.17274271614674155
0.18028266608229002,0.5253179857968202,1.0,NaN,NaN,NaN,NaN,NaN,0.605036787441241,NaN,NaN,NaN,0.02955704965104762,0.0329625765980421,NaN,0.033801719299356804,NaN,NaN,NaN,NaN,0.17871380014876054,NaN,NaN,-0.4387715015455576,-0.4387715015455576,NaN,NaN,0.16793406594988677,0.12786254998646304,0.8456703724980428,0.7016636580130213,0.10476777363356764,-0.2618810258201619,-0.028656103066575015,NaN,NaN,-0.4387715015455576,-0.4387715015455576
NaN,NaN,NaN,1.0,NaN,NaN,NaN,NaN,NaN,NaN,NaN,NaN,NaN,NaN,NaN,NaN,NaN,NaN,NaN,NaN,NaN,NaN,NaN,NaN,NaN,NaN,NaN,NaN,NaN,NaN,NaN,NaN,NaN,NaN,NaN,NaN,NaN,NaN
NaN,NaN,NaN,NaN,1.0,NaN,NaN,NaN,NaN,NaN,NaN,NaN,NaN,NaN,NaN,NaN,NaN,NaN,NaN,NaN,NaN,NaN,NaN,NaN,NaN,NaN,NaN,NaN,NaN,NaN,NaN,NaN,NaN,NaN,NaN,NaN,NaN,NaN
NaN,NaN,NaN,NaN,NaN,1.0,NaN,NaN,NaN,NaN,NaN,NaN,NaN,NaN,NaN,NaN,NaN,NaN,NaN,NaN,NaN,NaN,NaN,NaN,NaN,NaN,NaN,NaN,NaN,NaN,NaN,NaN,NaN,NaN,NaN,NaN,NaN,NaN
NaN,NaN,NaN,NaN,NaN,NaN,1.0,NaN,NaN,NaN,NaN,NaN,NaN,NaN,NaN,NaN,NaN,NaN,NaN,NaN,NaN,NaN,NaN,NaN,NaN,NaN,NaN,NaN,NaN,NaN,NaN,NaN,NaN,NaN,NaN,NaN,NaN,NaN
NaN,NaN,NaN,NaN,NaN,NaN,NaN,1.0,NaN,NaN,NaN,NaN,NaN,NaN,NaN,NaN,NaN,NaN,NaN,NaN,NaN,NaN,NaN,NaN,NaN,NaN,NaN,NaN,NaN,NaN,NaN,NaN,NaN,NaN,NaN,NaN,NaN,NaN
0.1318569202512035,0.4316994637329417,0.605036787441241,NaN,NaN,NaN,NaN,NaN,1.0,NaN,NaN,NaN,0.025391835805952133,0.03609222518856422,NaN,0.025391835805952133,NaN,NaN,NaN,NaN,0.11250296005029381,NaN,NaN,-0.3978054276265701,-0.3978054276265701,NaN,NaN,0.10640184089988151,0.2670253515648144,0.7589184106318708,0.43432008787364107,0.06766859896710171,-0.48678915748702634,-0.3908784006847159,NaN,NaN,-0.3978054276265701,-0.3978054276265701
NaN,NaN,NaN,NaN,NaN,NaN,NaN,NaN,NaN,1.0,NaN,NaN,NaN,NaN,NaN,NaN,NaN,NaN,NaN,NaN,NaN,NaN,NaN,NaN,NaN,NaN,NaN,NaN,NaN,NaN,NaN,NaN,NaN,NaN,NaN,NaN,NaN,NaN
NaN,NaN,NaN,NaN,NaN,NaN,NaN,NaN,NaN,NaN,1.0,NaN,NaN,NaN,NaN,NaN,NaN,NaN,NaN,NaN,NaN,NaN,NaN,NaN,NaN,NaN,NaN,NaN,NaN,NaN,NaN,NaN,NaN,NaN,NaN,NaN,NaN,NaN
NaN,NaN,NaN,NaN,NaN,NaN,NaN,NaN,NaN,NaN,NaN,1.0,NaN,NaN,NaN,NaN,NaN,NaN,NaN,NaN,NaN,NaN,NaN,NaN,NaN,NaN,NaN,NaN,NaN,NaN,NaN,NaN,NaN,NaN,NaN,NaN,NaN,NaN
-0.052453398546053145,0.12111792527129749,0.02955704965104762,NaN,NaN,NaN,NaN,NaN,0.025391835805952133,NaN,NaN,NaN,1.0,-0.014357683075131687,NaN,-0.010101010101007358,NaN,NaN,NaN,NaN,-0.06586480140190303,NaN,NaN,-0.010101010101007358,-0.010101010101007358,NaN,NaN,-0.07702168049109707,0.054022327840473464,0.05697157658713427,0.030102638421954896,-0.025674992513278774,-0.023519132060292113,-0.012498617189367364,NaN,NaN,-0.010101010101007358,-0.010101010101007358
-0.07455781798124153,-0.0497173886091718,0.0329625765980421,NaN,NaN,NaN,NaN,NaN,0.03609222518856422,NaN,NaN,NaN,-0.014357683075131687,1.0,NaN,-0.014357683075131647,NaN,NaN,NaN,NaN,-0.0936209284891651,NaN,NaN,-0.014357683075131647,-0.014357683075131647,NaN,NaN,-0.1094794349621161,-0.2086529289834482,0.0610131134536435,0.07396359082454716,0.13324811676967932,0.04528376262593213,0.010888634774554781,NaN,NaN,-0.014357683075131647,-0.014357683075131647
NaN,NaN,NaN,NaN,NaN,NaN,NaN,NaN,NaN,NaN,NaN,NaN,NaN,NaN,1.0,NaN,NaN,NaN,NaN,NaN,NaN,NaN,NaN,NaN,NaN,NaN,NaN,NaN,NaN,NaN,NaN,NaN,NaN,NaN,NaN,NaN,NaN,NaN
-0.052453398546053145,0.14247911138616465,0.033801719299356804,NaN,NaN,NaN,NaN,NaN,0.025391835805952133,NaN,NaN,NaN,-0.010101010101007358,-0.014357683075131647,NaN,1.0,NaN,NaN,NaN,NaN,-0.06586480140190304,NaN,NaN,-0.01010101010100736,-0.01010101010100736,NaN,NaN,-0.07702168049109709,-0.011394740510426129,-0.025305092665155383,0.0026867564347507053,-0.018211331898953936,-0.023519132060292117,-0.012498617189367367,NaN,NaN,-0.01010101010100736,-0.01010101010100736
NaN,NaN,NaN,NaN,NaN,NaN,NaN,NaN,NaN,NaN,NaN,NaN,NaN,NaN,NaN,NaN,1.0,NaN,NaN,NaN,NaN,NaN,NaN,NaN,NaN,NaN,NaN,NaN,NaN,NaN,NaN,NaN,NaN,NaN,NaN,NaN,NaN,NaN
NaN,NaN,NaN,NaN,NaN,NaN,NaN,NaN,NaN,NaN,NaN,NaN,NaN,NaN,NaN,NaN,NaN,1.0,NaN,NaN,NaN,NaN,NaN,NaN,NaN,NaN,NaN,NaN,NaN,NaN,NaN,NaN,NaN,NaN,NaN,NaN,NaN,NaN
NaN,NaN,NaN,NaN,NaN,NaN,NaN,NaN,NaN,NaN,NaN,NaN,NaN,NaN,NaN,NaN,NaN,NaN,1.0,NaN,NaN,NaN,NaN,NaN,NaN,NaN,NaN,NaN,NaN,NaN,NaN,NaN,NaN,NaN,NaN,NaN,NaN,NaN
NaN,NaN,NaN,NaN,NaN,NaN,NaN,NaN,NaN,NaN,NaN,NaN,NaN,NaN,NaN,NaN,NaN,NaN,NaN,1.0,NaN,NaN,NaN,NaN,NaN,NaN,NaN,NaN,NaN,NaN,NaN,NaN,NaN,NaN,NaN,NaN,NaN,NaN
0.21899105688249856,-0.020301020159343246,0.17871380014876054,NaN,NaN,NaN,NaN,NaN,0.11250296005029381,NaN,NaN,NaN,-0.06586480140190303,-0.0936209284891651,NaN,-0.06586480140190304,NaN,NaN,NaN,NaN,1.0,NaN,NaN,0.06079827821714119,0.06079827821714119,NaN,NaN,0.8551462520934779,-0.20020827607887354,0.17923748156072852,0.14059448710300904,0.3304908472824891,0.1440132224310952,-0.04105268242332778,NaN,NaN,0.06079827821714119,0.06079827821714119
NaN,NaN,NaN,NaN,NaN,NaN,NaN,NaN,NaN,NaN,NaN,NaN,NaN,NaN,NaN,NaN,NaN,NaN,NaN,NaN,NaN,1.0,NaN,NaN,NaN,NaN,NaN,NaN,NaN,NaN,NaN,NaN,NaN,NaN,NaN,NaN,NaN,NaN
NaN,NaN,NaN,NaN,NaN,NaN,NaN,NaN,NaN,NaN,NaN,NaN,NaN,NaN,NaN,NaN,NaN,NaN,NaN,NaN,NaN,NaN,1.0,NaN,NaN,NaN,NaN,NaN,NaN,NaN,NaN,NaN,NaN,NaN,NaN,NaN,NaN,NaN
-0.052453398546053145,-0.17274271614674155,-0.4387715015455576,NaN,NaN,NaN,NaN,NaN,-0.3978054276265701,NaN,NaN,NaN,-0.010101010101007358,-0.014357683075131647,NaN,-0.01010101010100736,NaN,NaN,NaN,NaN,0.06079827821714119,NaN,NaN,1.0,1.0,NaN,NaN,0.13114502353889473,-0.33239477358110725,-0.31427680906344085,0.17814840115287595,-0.04060231374192834,0.6279803709948973,-0.012498617189367366,NaN,NaN,1.0,1.0
-0.052453398546053145,-0.17274271614674155,-0.4387715015455576,NaN,NaN,NaN,NaN,NaN,-0.3978054276265701,NaN,NaN,NaN,-0.010101010101007358,-0.014357683075131647,NaN,-0.01010101010100736,NaN,NaN,NaN,NaN,0.06079827821714119,NaN,NaN,1.0,1.0,NaN,NaN,0.13114502353889473,-0.33239477358110725,-0.31427680906344085,0.17814840115287595,-0.04060231374192834,0.6279803709948973,-0.012498617189367366,NaN,NaN,1.0,1.0
NaN,NaN,NaN,NaN,NaN,NaN,NaN,NaN,NaN,NaN,NaN,NaN,NaN,NaN,NaN,NaN,NaN,NaN,NaN,NaN,NaN,NaN,NaN,NaN,NaN,1.0,NaN,NaN,NaN,NaN,NaN,NaN,NaN,NaN,NaN,NaN,NaN,NaN
NaN,NaN,NaN,NaN,NaN,NaN,NaN,NaN,NaN,NaN,NaN,NaN,NaN,NaN,NaN,NaN,NaN,NaN,NaN,NaN,NaN,NaN,NaN,NaN,NaN,NaN,1.0,NaN,NaN,NaN,NaN,NaN,NaN,NaN,NaN,NaN,NaN,NaN
0.299496725470046,0.025875540168771343,0.16793406594988677,NaN,NaN,NaN,NaN,NaN,0.10640184089988151,NaN,NaN,NaN,-0.07702168049109707,-0.1094794349621161,NaN,-0.07702168049109709,NaN,NaN,NaN,NaN,0.8551462520934779,NaN,NaN,0.13114502353889473,0.13114502353889473,NaN,NaN,1.0,-0.13736372959852888,0.1689106138973646,0.19563700572836948,0.1733801297806697,0.1120167048107914,-0.06206794049630782,NaN,NaN,0.1311450235388948,0.1311450235388948
0.06327963488274738,0.17965944391522623,0.12786254998646304,NaN,NaN,NaN,NaN,NaN,0.2670253515648144,NaN,NaN,NaN,0.054022327840473464,-0.2086529289834482,NaN,-0.011394740510426129,NaN,NaN,NaN,NaN,-0.20020827607887354,NaN,NaN,-0.33239477358110725,-0.33239477358110725,NaN,NaN,-0.13736372959852888,1.0,0.21572349730242668,-0.12337048460058596,-0.7345012712253312,-0.7646537496576516,-0.4100178307445913,NaN,NaN,-0.3323947735811074,-0.3323947735811074
0.17508807610430896,0.48935253439876875,0.8456703724980428,NaN,NaN,NaN,NaN,NaN,0.7589184106318708,NaN,NaN,NaN,0.05697157658713427,0.0610131134536435,NaN,-0.025305092665155383,NaN,NaN,NaN,NaN,0.17923748156072852,NaN,NaN,-0.31427680906344085,-0.31427680906344085,NaN,NaN,0.1689106138973646,0.21572349730242668,1.0,0.7182171695347287,0.12953898877474693,-0.3351154694730003,-0.28546642810736234,NaN,NaN,-0.3142768090634408,-0.3142768090634408
0.13203335214526915,0.39057792003331426,0.7016636580130213,NaN,NaN,NaN,NaN,NaN,0.43432008787364107,NaN,NaN,NaN,0.030102638421954896,0.07396359082454716,NaN,0.0026867564347507053,NaN,NaN,NaN,NaN,0.14059448710300904,NaN,NaN,0.17814840115287595,0.17814840115287595,NaN,NaN,0.19563700572836948,-0.12337048460058596,0.7182171695347287,1.0,-0.012699122540777617,0.23259591295229484,0.1856354148484199,NaN,NaN,0.17814840115287595,0.17814840115287595
-0.014773615583326412,-0.054574688409877045,0.10476777363356764,NaN,NaN,NaN,NaN,NaN,0.06766859896710171,NaN,NaN,NaN,-0.025674992513278774,0.13324811676967932,NaN,-0.018211331898953936,NaN,NaN,NaN,NaN,0.3304908472824891,NaN,NaN,-0.04060231374192834,-0.04060231374192834,NaN,NaN,0.1733801297806697,-0.7345012712253312,0.12953898877474693,-0.012699122540777617,1.0,0.3980247137221867,0.044793981618995025,NaN,NaN,-0.040602313741928596,-0.040602313741928596
-0.0743698819264714,-0.24713281171204438,-0.2618810258201619,NaN,NaN,NaN,NaN,NaN,-0.48678915748702634,NaN,NaN,NaN,-0.023519132060292113,0.04528376262593213,NaN,-0.023519132060292117,NaN,NaN,NaN,NaN,0.1440132224310952,NaN,NaN,0.6279803709948973,0.6279803709948973,NaN,NaN,0.1120167048107914,-0.7646537496576516,-0.3351154694730003,0.23259591295229484,0.3980247137221867,1.0,0.6623596178724961,NaN,NaN,0.6279803709948972,0.6279803709948972
-0.05258816938661987,-0.17575155951680932,-0.028656103066575015,NaN,NaN,NaN,NaN,NaN,-0.3908784006847159,NaN,NaN,NaN,-0.012498617189367364,0.010888634774554781,NaN,-0.012498617189367367,NaN,NaN,NaN,NaN,-0.04105268242332778,NaN,NaN,-0.012498617189367366,-0.012498617189367366,NaN,NaN,-0.06206794049630782,-0.4100178307445913,-0.28546642810736234,0.1856354148484199,0.044793981618995025,0.6623596178724961,1.0,NaN,NaN,-0.012498617189365645,-0.012498617189365645
NaN,NaN,NaN,NaN,NaN,NaN,NaN,NaN,NaN,NaN,NaN,NaN,NaN,NaN,NaN,NaN,NaN,NaN,NaN,NaN,NaN,NaN,NaN,NaN,NaN,NaN,NaN,NaN,NaN,NaN,NaN,NaN,NaN,NaN,1.0,NaN,NaN,NaN
NaN,NaN,NaN,NaN,NaN,NaN,NaN,NaN,NaN,NaN,NaN,NaN,NaN,NaN,NaN,NaN,NaN,NaN,NaN,NaN,NaN,NaN,NaN,NaN,NaN,NaN,NaN,NaN,NaN,NaN,NaN,NaN,NaN,NaN,NaN,1.0,NaN,NaN
-0.052453398546053145,-0.17274271614674155,-0.4387715015455576,NaN,NaN,NaN,NaN,NaN,-0.3978054276265701,NaN,NaN,NaN,-0.010101010101007358,-0.014357683075131647,NaN,-0.01010101010100736,NaN,NaN,NaN,NaN,0.06079827821714119,NaN,NaN,1.0,1.0,NaN,NaN,0.1311450235388948,-0.3323947735811074,-0.3142768090634408,0.17814840115287595,-0.040602313741928596,0.6279803709948972,-0.012498617189365645,NaN,NaN,1.0,1.0
